112297
112128
112163
112179
112201
112188
112269
112316
112368
112404
112425
112459
112478
112506
112720
112742
112747
112734
112626
112437
112189
111862
111712
111650
111652
111676
111716
111802
111631
111695
111770
111826
111877
111918
111938
111694
111747
111785
111799
111797
111812
111805
111761
111803
111797
111813
111838
111879
111925
111762
111789
111812
111846
111873
111915
111964
111825
111799
111811
111812
111829
111851
111884
111813
111853
111902
111941
111989
112031
112076
111859
111885
111910
111925
111926
111946
111974
111989
112004
111947
111960
111982
112039
112091
111930
111976
112012
112036
112053
112086
112112
111956
111997
112028
112056
112087
112104
112066
111980
111888
111717
111482
111226
111029
110903
110479
110414
110411
110473
110532
110601
110683
110356
110409
110461
110499
110536
110561
110566
110245
110257
110267
110261
110259
110272
110297
110044
110048
110074
110073
110118
110163
110178
110066
110136
110198
110239
110267
110314
110366
109949
109940
109945
109960
107827
108739
108773
108820
108862
108897
108934
108937
108875
108733
108506
108197
107913
107714
107645
107640
107689
107748
107824
107332
107397
107463
107500
107534
107546
107562
107553
107558
107596
107649
107704
107746
107798
107822
107880
107924
107697
107762
107817
107860
107898
107944
107932
107765
107517
107139
106761
106482
106336
106304
106337
106366
106495
106613
106583
106661
106688
106709
106722
106723
106742
106733
106806
106841
106871
106920
106967
107030
107087
107122
107218
107281
107018
107048
107085
107118
107151
107152
107033
106788
106465
106202
106024
105964
105981
106031
106118
106226
106335
106402
106222
106318
106415
106472
106510
106505
106496
106496
106541
106558
106583
106627
106692
106748
106798
106842
106916
106853
106937
106947
106986
107040
107107
107202
107271
107296
107307
107367
107394
107430
107453
107444
107311
107025
106627
107216
107255
107303
107295
107190
106939
106570
106228
106004
105933
105964
106059
106137
106240
106325
106404
106455
105956
106061
106171
106259
106313
106345
106338
106333
106305
106305
106331
106361
106384
106413
106430
106474
106524
106539
106596
110461
110455
110462
110457
110454
110474
110485
110487
110493
110497
110505
110500
110485
110502
110496
110466
110435
110397
110234
110190
110144
110102
110063
110019
110026
110010
110004
110002
109985
109972
109955
109941
109904
109899
109895
109486
109485
109491
109514
109529
109540
109549
109553
109565
109578
109598
109608
109616
109619
109604
109566
109503
109425
109185
109119
109083
109063
109062
109068
109084
109113
109111
109119
109118
109114
109107
109114
109124
109149
109144
109161
109073
109099
109131
109156
109182
109201
109228
109273
109267
109288
109312
109338
109362
109387
109396
109391
109292
109189
109644
109664
109670
109654
109606
109501
109385
109279
109206
109173
109161
109155
109176
109202
109226
109252
109265
109273
109283
109319
109350
109347
109383
109391
109395
109387
109399
109407
109420
109403
109464
109491
109518
109532
109555
109402
109417
109445
109476
109506
109535
109552
109583
109612
109642
109662
109683
109704
109720
109745
109753
109772
109628
109645
109648
109669
109678
109680
109703
109638
109542
109399
109253
109139
109086
109054
109046
109072
109045
109061
108654
108624
108655
108663
108692
108718
108734
108747
108736
108686
108676
108641
108606
108567
108518
108476
108478
108497
1100
1111
1102
1107
1113
1113
1106
1101
1103
1100
1115
1100
1097
1095
1091
1090
1085
1088
1097
1095
1084
1122
1086
1088
1085
1080
1080
1085
1088
1109
1095
1099
1103
1106
1097
1083
1083
1096
1092
1094
1098
1102
1068
1091
1091
1091
1088
1083
1081
1084
1047
1077
1075
1084
1085
1082
1084
1081
1084
1079
1062
1080
1079
1082
1084
1088
1095
1101
1102
1091
1085
1089
1086
1093
1097
1096
1093
1090
1129
1086
1086
1087
1081
1086
1078
1084
1123
1076
1077
1084
1087
1084
1074
1081
1083
1077
1082
1079
1084
1091
1072
1098
1096
1098
1092
1091
1087
1091
1093
1094
1048
1094
1089
1090
1092
1090
1080
1086
1044
1084
1083
1081
1080
1080
1085
1086
1083
1080
1082
1095
1083
1086
1086
1087
1096
1103
1092
1099
1108
1091
1092
1105
1098
1092
1095
1084
1090
1129
1085
1086
1084
1083
1080
1077
1081
1085
1133
1090
1091
1083
1074
1083
1086
1095
1100
1097
1100
1093
1085
1087
1090
1089
1085
1082
1080
1081
1077
1083
1059
1085
1078
1080
1081
1085
1087
1090
1091
1060
1097
1091
1089
1086
1084
1088
1082
1091
1087
1085
1061
1088
1080
1082
1082
1080
1079
1082
1079
1091
1096
1093
1090
1090
1100
1094
1092
1086
1118
1082
1088
1080
1083
1080
1081
1078
1113
1082
1083
1092
1095
1095
1084
1087
1093
1092
1098
1122
1091
1092
1087
1084
1083
1085
1087
1106
1084
1080
1078
1076
1062
1082
1084
1091
1095
1094
1094
1089
1072
1091
1087
1087
1082
1084
1080
1081
1055
1079
1039
1080
1083
1084
1087
1094
1099
1096
1048
1089
1088
1092
1087
1086
1080
1077
1077
1079
1088
1080
1079
1081
1086
1089
1092
1095
1092
1107
1090
1095
1090
1088
1084
1085
1083
1081
1085
1120
1077
1077
1081
1083
1090
1097
1097
1100
1127
1090
1087
1091
1084
1083
1085
1083
1081
1076
1078
112236
112476
112508
112544
112570
112570
112614
112622
112631
112599
112518
112392
112262
112150
112113
112106
112124
112151
112177
112134
112180
112225
112252
112277
112303
112291
112288
112302
112314
112340
112348
112369
112395
112434
112450
112467
112559
112573
112606
112633
112660
112675
112700
112718
112728
112707
112623
112491
112335
112208
112130
112106
112118
112146
112114
112113
112175
112225
112277
112314
112334
112342
112349
112328
112304
112348
112365
112398
112425
112456
112483
112499
112353
112390
112401
112427
112444
112466
112481
112498
112504
112506
112519
112442
112304
112140
111996
111895
111845
111846
111815
111817
111836
111869
111902
111965
111999
112023
112035
112049
112046
112053
112065
112082
112108
112130
112157
112194
112224
112264
112302
112336
112368
112401
112384
112432
112448
112451
112392
112244
112065
111909
111789
111768
111770
111451
111380
111361
111349
111361
111387
111418
111454
111496
111492
111514
111532
111548
111573
111618
111659
111724
111923
111855
111518
108916
93954
43312
20093
11487
6284
3568
2454
1859
1602
1603
1606
1607
1616
1617
1581
1580
1576
1573
1534
1580
1581
1585
1590
1592
1588
1582
1540
1578
1576
1572
1576
1572
1558
1563
1562
1562
1579
1566
1567
1572
1577
1573
1566
1567
1585
1565
1565
1563
1554
1553
1551
1545
1549
1544
1547
1572
1547
1555
1561
1559
1553
1558
1557
1552
1560
1548
1543
1546
1512
1541
1540
1536
1538
1535
1545
1550
1518
1557
1553
1552
1544
1550
1548
1543
1544
1540
1547
1533
1530
1527
1532
1535
1541
1541
1551
1566
1543
1536
1538
1543
1537
1538
1534
1539
1563
1533
1526
1526
1528
1536
1537
1543
1544
1561
1540
1536
1537
1536
1535
1532
1533
1527
1530
1527
1520
1526
1498
1529
1530
1537
1546
1540
1542
1536
1533
1505
1528
1528
1521
1522
1521
1522
1522
1519
1524
1518
1527
1528
1544
1534
1536
1532
1526
1536
1521
1524
1552
1526
1523
1515
1518
1515
1518
1519
1559
1526
1533
1533
1527
1531
1527
1525
1559
1523
1524
1516
1517
1506
1516
1509
1514
1522
1525
1528
1529
1516
1525
1526
1525
1526
1516
1523
1517
1515
1512
1475
1513
1512
1509
1517
1523
1529
1531
1486
1520
1525
1522
1520
1517
1519
1513
1514
1512
1527
1510
1510
1517
1518
1525
1527
1521
1541
1520
1520
1520
1520
1515
1521
1515
1515
1513
1514
1535
1513
1520
1516
1526
1525
1530
1524
1522
1531
1520
1514
1517
1489
1516
1512
1511
1511
1515
1517
1520
1489
1529
1527
1525
1519
1517
1519
1519
1514
1517
1520
1507
1506
1509
1510
1513
1517
1519
1525
1538
1522
1520
1518
1515
1516
1514
1511
1511
1550
1509
1508
1504
1514
1514
1525
1527
1527
1553
1518
1516
1520
1514
1508
1508
1508
1507
1512
1507
1505
1515
1484
1516
1522
1522
1519
1520
1521
1518
1516
1490
1514
1513
1519
1519
1512
1511
1508
1515
1519
1497
1527
1526
1522
1524
1519
1520
1522
1510
1519
1515
1533
1512
1511
1513
1511
1515
1518
1521
1553
1531
1525
1524
1516
1524
1520
1520
1543
1515
1548
1514
1513
1512
1514
1515
1513
1515
1547
1524
1532
1522
1517
1519
1518
1516
1516
1515
1519
1512
1512
1498
1511
1515
1518
1524
1522
1524
1527
1499
1518
1518
1518
1523
1515
1516
1514
1517
1512
1469
1513
1514
1516
1519
1529
1527
1528
1490
1522
1519
1516
1514
1514
1518
1515
1517
1512
1516
1524
1515
1514
1515
1529
1526
1530
1523
1523
1527
1522
1522
1520
1520
1516
1515
1512
1509
1516
1536
1514
1516
1516
1523
1520
1525
1520
1545
1523
1515
1518
1519
1518
1511
1519
1509
1513
1557
1506
1511
1517
1517
1527
1523
1523
1553
1521
1522
1518
1514
1518
1518
1513
1521
1512
1510
1506
1514
1510
1518
1519
1526
1525
1523
1517
1523
1527
1524
1518
1502
1514
1514
1515
1512
1512
1515
1508
1489
1517
1522
1526
1526
1522
1522
1522
1525
1521
1475
1520
1514
1516
1513
1506
1506
1509
1471
1510
1509
1519
1525
1528
1520
1520
1528
1526
1521
1495
1518
1520
1513
1511
1517
1509
1510
1510
1482
1510
1508
1508
1515
1516
1517
1525
1522
1527
1519
1520
1519
1514
1521
1513
1514
1511
1519
1504
1509
1511
1507
1506
1511
1516
1513
1524
1545
1522
1515
1515
1518
1516
1511
1511
1535
1513
1506
1511
1507
1509
1510
1509
1512
1520
1557
1523
1521
1523
1521
1514
1510
1513
1556
1506
1510
1548
1509
1507
1508
1506
1508
1509
1512
1550
1516
1525
1522
1522
1517
1522
1516
1515
1523
1520
1507
1512
1504
1509
1507
1513
1509
1515
1523
1525
1513
1527
1519
1519
1521
1517
1521
1519
1513
1519
1517
1488
1514
1512
1508
1515
1512
1513
1514
1490
1520
1525
1528
1520
1526
1520
1520
1517
1523
1480
1513
1515
1515
1510
1510
1508
1513
1511
1481
1521
1521
1508
1518
1522
1526
1519
1523
1515
1520
1516
1519
1515
1511
1510
1505
1505
1516
1509
1514
1506
1507
1510
1512
1519
1525
1524
1543
1520
1518
1516
1520
1515
1513
1513
1534
1507
1504
1544
1507
1511
1510
1507
1507
1511
1514
1548
1521
1523
1527
1519
1523
1516
1516
1552
1520
1554
1515
1513
1511
1510
1512
1508
1504
1544
1512
1511
1515
1519
1523
1526
1520
1517
1521
1559
1525
109122
108931
108935
108956
108960
108932
108955
108958
108958
108959
108961
108964
108978
108969
109027
109041
109067
109101
109133
108980
109020
109070
109104
109156
109207
109254
109301
109335
109389
109433
109470
109517
109553
109603
109626
109663
109480
109516
109553
109587
109610
109579
109493
109386
109189
109037
108918
108845
108810
108800
108816
108855
108851
108864
108895
108913
108935
108943
108933
108922
108917
108925
108939
108959
108974
109021
109053
109086
109124
109153
109192
109226
108977
108977
109035
109071
109115
109155
109199
109195
109123
108977
108769
108603
108440
108322
108277
108251
108250
108266
107981
108003
108044
108092
108107
108120
108121
108125
108127
108145
108165
108226
108263
108310
108354
108383
108446
109383
109428
109471
109506
109568
109580
109609
109634
109638
109637
109627
109603
109557
109399
109197
108948
108699
108464
102431
98452
58893
20926
9037
5671
3952
1877
1142
1094
1095
1111
1123
1119
1122
1122
1093
1121
1085
1118
1121
1114
1119
1118
1110
1111
1086
1116
1122
1127
1131
1135
1127
1128
1128
1134
1152
1128
1129
1131
1129
1123
1127
1125
1154
1136
1138
1143
1143
1135
1137
1137
1136
1140
1168
1136
1134
1133
1129
1130
1136
1137
1146
1180
1153
1149
1141
1147
1146
1141
1139
1147
1140
1136
1135
1132
1111
1131
1135
1140
1146
1150
1150
1153
1148
1119
1143
1143
1151
1147
1148
1143
1137
1142
1140
1117
1146
1145
1153
1156
1153
1152
1151
1121
1155
1147
1143
1144
1142
1140
1139
1137
1141
1154
1137
1149
1144
1153
1155
1157
1155
1173
1148
1147
1144
1145
1146
1141
1140
1140
1141
1180
1138
1136
1144
1151
1155
1156
1151
1184
1149
1147
1151
1147
1151
1140
1146
1146
1140
1139
1140
1140
1142
1139
1148
1148
1155
1158
1153
1156
1153
1148
1148
1129
1145
1149
1142
1147
1142
1142
1147
1120
1143
1148
1152
1158
1163
1149
1155
1154
1161
1158
1120
1156
1157
1149
1151
1151
1152
1147
1146
1097
1142
1146
1146
1146
1138
1146
1145
1154
1157
1159
1159
1153
1154
1155
1152
1152
1152
1160
1147
1146
1151
1152
1146
1142
1145
1142
1146
1173
1147
1158
1160
1165
1161
1155
1153
1193
1156
1147
1156
1159
1157
1153
1147
1150
1147
1167
1142
1148
1144
1144
1151
1152
1153
1184
1161
1161
1151
1153
1156
1148
1157
1156
1152
1152
1153
1151
1146
1135
1148
1147
1144
1144
1147
1144
1147
1143
1145
1124
1147
1152
1150
1157
1161
1164
1160
1131
1159
1151
1153
1153
1150
1159
1155
1153
1160
1154
1111
1146
1150
1147
1147
1138
1142
1145
1111
1142
1154
1155
1145
1148
1150
1152
1156
1159
1140
1163
1157
1154
1154
1154
1155
1152
1148
1126
1148
1148
1157
1152
1150
1149
1146
1148
1148
1157
1142
1146
1148
1151
1153
1160
1162
1175
1155
1155
1158
1156
1157
1156
1152
1153
1154
1191
1149
1148
1145
1147
1149
1141
1140
1185
1147
1148
1164
1139
1142
1132
1140
1146
1145
1147
1177
1155
1149
1147
1148
1149
1150
1146
1160
1151
1146
1145
1144
1130
1147
1146
1136
1139
1136
1137
1135
1119
1146
1144
1149
1157
1155
1136
1136
1142
1149
1114
1153
1151
1147
1148
1149
1149
1146
1102
1142
1142
1142
1138
1137
1147
1142
1140
1145
1128
1139
1139
1142
1139
1149
1148
1154
1153
1154
1151
1152
1149
1150
1155
1154
1153
1151
1149
1171
1148
1148
1144
1147
1146
1140
1140
1141
1163
1143
1145
1142
1141
1147
1141
1147
1145
1151
1197
1161
1157
1161
1154
1146
1150
1158
1176
1144
1146
1152
1149
1141
1144
1144
1138
1139
1140
1144
1138
1136
1132
1140
1150
1152
1156
1155
1144
1148
1150
1152
1130
1160
1155
1151
1153
1148
1150
1149
1116
1146
1149
1142
1143
1138
1146
1145
1145
1138
1113
1141
1143
1145
1152
1148
1160
1155
1133
1148
1152
1152
1153
1146
1153
1148
1151
1149
1153
1145
1146
1141
1142
1139
1142
1144
1154
1148
1149
1157
1159
1156
1143
1146
1151
1148
1158
1175
1148
1153
1151
1149
1146
1145
1150
1140
1167
1143
1141
1148
1141
1141
1142
1141
1145
1145
1183
1146
1152
1161
1159
1152
1151
1153
1186
1145
1151
1147
1149
1146
1146
1145
1148
1142
1152
1145
1144
1144
1145
1144
1149
1157
1166
1152
1150
1153
1144
1157
1162
1148
1147
1151
1152
1146
1150
1130
1143
1139
1140
1146
1147
1144
1149
1137
1141
1139
1114
1146
1153
1159
1157
1150
1149
1147
1112
1145
1151
1143
1148
1142
1150
1147
1143
1141
1095
1142
1135
1141
1148
1146
1154
1157
1125
1152
1150
1151
1151
1149
1150
1150
1149
1149
1148
1153
1147
1144
1145
1140
1140
1144
1141
1149
1159
1152
1155
1151
1148
1152
1157
1155
1160
1177
1150
1150
1149
1147
1147
1144
1141
1139
1165
1147
1144
1141
1139
1137
1148
1146
1151
1155
1186
1159
1157
1157
1148
1150
1151
1145
1182
1141
1137
1143
1139
1141
1148
1145
1141
1139
1186
1149
1151
1156
1150
1157
1151
1149
1188
1151
1147
1179
1150
1154
1149
1144
1145
1144
1144
1161
1143
1138
1142
1145
1147
1151
1157
1156
1155
1153
1158
1158
1146
1147
1148
1152
1151
1150
1147
1146
1135
1144
1145
1145
1146
1146
1144
1143
1144
1145
1149
1137
1161
1154
1152
1154
1151
1153
1154
1130
1150
1148
1143
1145
1140
1141
1144
1144
1138
1117
1144
1151
1154
1159
1160
1157
1154
1152
1117
1151
1144
1151
1154
1148
1148
1142
1142
1147
1098
1149
1145
1145
1147
1155
1153
1158
1126
1151
1151
1156
1153
1151
1154
1148
1150
1150
1137
1148
1138
1142
1139
1145
1143
1152
1151
1156
1160
1163
1153
1148
1156
1152
1159
1148
1153
1167
1153
1150
1144
1145
1144
1146
1140
1163
1144
1167
1144
1146
1146
1151
1156
1161
1151
1184
1147
1151
1150
1150
1150
1144
1143
1145
1148
1186
1140
1145
1141
1143
1142
1150
1153
1156
1197
1159
1155
1154
1152
1155
1152
1153
1152
1194
1149
1149
1149
1146
1147
1141
1146
1146
1187
1148
1154
1158
1159
1158
1156
1153
1159
1158
1153
1184
1153
1146
1148
1145
1147
1146
1145
1169
1147
1138
1140
1147
1146
1148
1149
1151
1151
1159
1153
1150
1138
1157
1152
1148
1144
1146
1148
1144
1139
1140
1140
1133
1142
1144
1142
1145
1149
1149
1157
1142
1156
1155
1154
1160
1150
1156
1152
1131
1162
1135
1161
1161
1158
1152
1153
1155
1154
1127
1153
1154
1167
1167
1168
1165
1163
1165
1161
1125
1162
1164
1156
1162
1154
1152
1158
1113
1150
1155
1157
1153
1162
1167
1169
1166
1166
1155
1163
1163
1163
1164
1164
1155
1158
1158
1156
1149
1153
1154
1153
1160
1154
1157
1148
1153
1160
1176
1164
1165
1166
1162
1160
1162
1161
1172
1152
1154
1152
1153
1151
1152
1155
1152
1150
1182
1159
1163
1161
1166
1165
1161
1162
1186
1160
1159
1155
1157
1152
1158
1155
1156
1155
1149
1193
1149
1153
1157
1164
1164
1174
1169
1199
1162
1163
1159
1158
1158
1155
1153
1158
1156
1190
1152
1150
1152
1154
1158
1157
1168
1166
1210
1158
1160
1161
1162
1159
1159
1155
1152
1157
1181
1153
1147
1147
1157
1157
1162
1164
1193
1165
1166
1160
1160
1162
1158
1158
1158
1157
1159
1147
1149
1145
1153
1159
1158
1169
1175
1163
1168
1164
1166
1164
1161
1162
1155
1153
1161
1151
1152
1151
1145
1155
1159
1162
1171
1172
1167
1169
1163
1161
1146
1164
1161
1160
1153
1151
1148
1148
1129
1156
1156
1158
1165
1169
1165
1167
1172
1158
1140
1163
1159
1159
1154
1150
1152
1150
1126
1154
1155
1159
1157
1169
1164
1165
1168
1159
1133
1159
1157
1156
1157
1157
1160
1151
1155
1120
1156
1160
1161
1163
1163
1170
1170
1166
1163
1125
1161
1161
1157
1152
1155
1154
1152
1158
1119
1155
1156
1156
1159
1170
1173
1167
1161
1163
1121
1158
1155
1158
1153
1151
1151
1150
1111
1159
1161
1124
1164
1160
1164
1169
1162
1159
1162
1129
1159
1155
1153
1150
1152
1153
1151
1118
1150
1140
1160
1168
1163
1164
1160
1161
1161
1133
1154
1154
1154
1151
1155
1152
1157
1153
1160
1135
1167
1162
1164
1160
1160
1158
1163
1138
1152
1157
1151
1154
1152
1153
1153
1157
1157
1152
1164
1164
1162
1166
1157
1161
1156
1154
1136
1155
1150
1155
1148
1154
1162
1163
1158
1161
1170
1141
1158
1158
1164
1162
1158
1157
1160
1134
1149
1151
1154
1153
1152
1163
1160
1170
1168
1138
1162
1158
1163
1165
1160
1156
1157
1131
1147
1150
1153
1154
1160
1154
1158
1167
1169
1162
1142
1164
1165
1159
1157
1158
1155
1154
1135
1154
1154
1154
1151
1152
1162
1166
1166
1168
1142
1161
1161
1159
1158
1155
1152
1153
1148
1130
1150
1154
1156
1159
1160
1166
1166
1162
1163
1140
1155
1154
1151
1157
1157
1148
1148
1126
1154
1156
1157
1160
1163
1172
1162
1160
1159
1135
1161
1157
1159
1155
1152
1148
1148
1126
1154
1159
1122
1159
1158
1167
1167
1165
1162
1160
1126
1157
1152
1155
1154
1157
1153
1151
1122
1152
1102
1153
1160
1169
1169
1164
1158
1157
1116
1159
1159
1154
1154
1154
1152
1156
1148
1154
1112
1155
1160
1159
1168
1162
1160
1167
1163
1118
1160
1153
1151
1155
1150
1147
1154
1154
1112
1156
1161
1164
1169
1168
1162
1158
1159
1120
1155
1156
1157
1155
1154
1150
1151
1153
1149
1150
1113
1155
1161
1165
1171
1164
1162
1166
1120
1161
1162
1155
1153
1149
1151
1150
1149
1151
1112
1146
1157
1160
1163
1169
1166
1161
1125
1162
1156
1155
1152
1151
1157
1156
1152
1151
1155
1099
1156
1155
1157
1165
1165
1169
1160
1161
1119
1156
1157
1161
1156
1159
1152
1154
1151
1119
1150
1153
1157
1158
1166
1169
1168
1165
1134
1160
1154
1165
1158
1156
1155
1151
1156
1149
1122
1149
1155
1161
1161
1161
1165
1165
1130
1162
1153
1160
1160
1159
1154
1154
1152
1150
1140
1150
1155
1152
1164
1162
1165
1165
1150
1156
1162
1151
1158
1158
1157
1156
1156
1155
1147
1143
1149
1150
1149
1160
1159
1164
1169
1164
1164
1146
1162
1159
1161
1155
1154
1154
1157
1130
1155
1152
1150
1154
1156
1161
1169
1168
1161
1159
1140
1166
1163
1162
1161
1157
1153
1153
1155
1127
1151
1150
1149
1152
1156
1155
1157
1161
1168
1149
1163
1159
1153
1160
1154
1155
1156
1141
1151
1152
1144
1148
1152
1154
1149
1157
1164
1166
1169
1166
1163
1161
1162
1153
1156
1151
1153
1153
1150
1152
1146
1154
1146
1153
1166
1176
1169
1168
1164
1163
1162
1163
1163
1171
1157
1157
1152
1153
1147
1150
1153
1152
1146
1150
1180
1151
1155
1162
1166
1165
1162
1161
1155
1182
1155
1152
1153
1157
1152
1154
1151
1153
1145
1187
1154
1146
1158
1160
1163
1165
1165
1193
1161
1161
1161
1157
1161
1159
1155
1155
1157
1182
1158
1152
1149
1149
1152
1154
1158
1195
1171
1171
1157
1156
1165
1161
1159
1161
1159
1194
1157
1156
1152
1155
1149
1149
1148
1182
1154
1153
1188
1151
1146
1150
1150
1152
1163
1160
1199
1163
1158
1157
1161
1165
1155
1155
1154
1159
1191
1157
1157
1153
1153
1150
1158
1148
1151
1192
1156
1162
1163
1166
1160
1159
1161
1157
1166
1193
1164
1159
1162
1155
1157
1149
1157
1150
1183
1149
1149
1151
1148
1159
1153
1152
1148
1153
1183
1158
1160
1165
1168
1164
1161
1162
1178
1151
1156
1156
1156
1146
1158
1157
1153
1155
1190
1148
1152
1147
1145
1151
1157
1158
1199
1168
1161
1168
1162
1160
1157
1161
1166
1165
1205
1155
1159
1154
1151
1146
1154
1147
1147
1188
1152
1146
1149
1155
1148
1148
1149
1146
1149
1189
1157
1156
1162
1167
1163
1165
1153
1157
1190
1154
1158
1159
1159
1158
1157
1156
1157
1154
1181
1151
1148
1152
1150
1150
1157
1157
1187
1165
1161
1160
1151
1146
1157
1160
1162
1164
1159
1172
1158
1159
1153
1155
1154
1150
1155
1161
1159
1164
1158
1151
1145
1150
1150
1147
1152
1154
1148
1151
1152
1163
1164
1165
1159
1164
1155
1163
1163
1163
1162
1162
1158
1160
1159
1149
1158
1149
1145
1153
1146
1148
1147
1148
1153
1149
1153
1154
1137
1146
1150
1149
1152
1158
1158
1163
1152
1167
1160
1158
1158
1153
1161
1161
1165
1163
1162
1153
1160
1158
1150
1155
1155
1149
1153
1154
1135
1150
1150
1153
1155
1148
1149
1148
1147
1148
1137
1153
1155
1159
1162
1163
1161
1162
1140
1160
1155
1166
1170
1166
1163
1159
1160
1154
1136
1154
1153
1152
1152
1150
1148
1147
1124
1149
1157
1146
1147
1151
1149
1151
1150
1157
1116
1163
1168
1159
1161
1161
1159
1159
1119
1158
1154
1124
1161
1163
1160
1158
1159
1153
1154
1114
1148
1153
1150
1149
1147
1148
1153
1154
1151
1113
1149
1145
1148
1152
1150
1151
1155
1156
1124
1165
1162
1159
1158
1155
1156
1157
1163
1164
1125
1159
1158
1161
1154
1159
1153
1152
1156
1112
1152
1145
1150
1150
1151
1155
1146
1144
1150
1112
1146
1148
1148
1155
1157
1158
1164
1122
1162
1163
1158
1156
1159
1168
1168
1157
1160
1120
1155
1158
1158
1155
1148
1151
1148
1111
1148
1149
1154
1154
1158
1151
1147
1149
1149
1112
1149
1157
1157
1165
1162
1157
1156
1159
1117
1159
1156
1152
1158
1161
1162
1157
1161
1159
1119
1154
1147
1155
1155
1151
1150
1146
1146
1115
1155
1156
1147
1147
1152
1152
1153
1158
1160
1124
1165
1161
1154
1159
1154
1156
1160
1111
1153
1155
1115
1157
1155
1155
1157
1155
1155
1151
1111
1150
1149
1150
1153
1159
1161
1162
1129
1149
1115
1160
1162
1165
1167
1163
1160
1162
1119
1153
1154
1153
1148
1152
1149
1146
1145
1153
1120
1152
1153
1146
1147
1151
1146
1154
1123
1157
1166
1168
1166
1159
1160
1157
1155
1166
1134
1165
1158
1160
1160
1156
1155
1152
1154
1122
1149
1145
1150
1149
1154
1156
1161
1151
1149
1150
1125
1153
1154
1158
1161
1162
1163
1162
1135
1160
1158
1157
1153
1152
1160
1155
1158
1159
1130
1155
1153
1154
1149
1153
1152
1149
1127
1153
1159
1160
1167
1167
1143
1153
1151
1160
1159
1130
1167
1160
1157
1157
1157
1153
1156
1124
1153
1150
1147
1154
1154
1151
1149
1147
1145
1114
1145
1150
1149
1161
1156
1165
1171
1165
1119
1160
1155
1163
1166
1162
1161
1161
1155
1158
1115
1152
1147
1152
1152
1154
1149
1150
1106
1151
1157
1152
1145
1153
1150
1148
1153
1156
1122
1163
1165
1161
1157
1159
1157
1158
1115
1152
1148
1109
1160
1159
1155
1156
1155
1155
1149
1114
1150
1148
1145
1151
1151
1150
1160
1125
1149
1120
1151
1154
1159
1164
1166
1162
1162
1124
1154
1158
1154
1157
1152
1154
1150
1147
1155
1136
1150
1148
1155
1153
1152
1144
1149
1152
1127
1156
1157
1162
1163
1158
1158
1158
1156
1141
1166
1163
1161
1159
1160
1160
1152
1157
1129
1154
1144
1144
1148
1147
1147
1151
1148
1149
1149
1141
1149
1147
1150
1153
1160
1153
1166
1165
1162
1158
1160
1159
1155
1163
1161
1164
1157
1168
1157
1158
1153
1153
1151
1148
1145
1158
1149
1147
1151
1152
1156
1148
1145
1146
1152
1152
1168
1158
1161
1166
1162
1159
1158
1158
1157
1169
1153
1149
1158
1155
1160
1158
1151
1157
1166
1156
1152
1151
1149
1147
1149
1154
1156
1179
1158
1160
1148
1148
1154
1156
1157
1162
1163
1181
1158
1153
1155
1159
1156
1150
1151
1167
1150
1146
1159
1154
1154
1151
1154
1149
1148
1167
1149
1149
1156
1159
1161
1163
1162
1176
1164
1155
1169
1160
1155
1164
1165
1162
1161
1158
1174
1157
1155
1152
1153
1154
1145
1143
1148
1150
1176
1153
1148
1148
1148
1148
1145
1154
1178
1155
1162
1166
1163
1156
1154
1155
1153
1160
1161
1188
1158
1159
1155
1160
1156
1156
1151
1153
1173
1147
1148
1147
1149
1144
1150
1150
1153
1150
1167
1147
1150
1152
1150
1154
1162
1169
1177
1158
1158
1153
1157
1156
1161
1164
1159
1156
1164
1156
1154
1154
1153
1151
1153
1148
1152
1146
1147
1148
1153
1152
1149
1143
1149
1151
1150
1155
1155
1155
1163
1163
1159
1159
1156
1160
1154
1156
1153
1151
1160
1159
1155
1155
1156
1152
1147
1155
1149
1148
1145
1146
1146
1151
1140
1158
1160
1143
1150
1148
1153
1159
1158
1166
1148
1159
1160
1159
1158
1157
1154
1154
1129
1153
1154
1156
1153
1156
1156
1149
1149
1150
1120
1146
1148
1152
1152
1158
1161
1163
1137
1158
1160
1154
1156
1163
1164
1164
1160
1163
1114
1156
1161
1152
1153
1152
1148
1146
1103
1147
1152
1109
1150
1152
1147
1147
1149
1148
1151
1108
1155
1160
1161
1166
1157
1158
1155
1159
1167
1128
1164
1159
1154
1159
1158
1156
1154
1156
1113
1154
1148
1147
1149
1148
1156
1157
1153
1148
1115
1155
1148
1151
1147
1155
1159
1160
1162
1131
1158
1160
1158
1156
1153
1165
1158
1162
1161
1129
1154
1154
1152
1151
1150
1152
1148
1118
1147
1152
1153
1154
1156
1154
1148
1148
1149
1131
1155
1156
1157
1163
1164
1161
1160
1139
1158
1158
1150
1154
1152
1158
1160
1157
1154
1145
1152
1156
1146
1152
1152
1145
1147
1151
1137
1152
1155
1159
1164
1147
1149
1148
1152
1155
1150
1165
1165
1163
1163
1163
1155
1156
1158
1142
1155
1153
1161
1152
1155
1152
1160
1151
1156
1145
1146
1153
1149
1148
1161
1147
1146
1153
1161
1162
1151
1147
1148
1144
1152
1184
1160
1165
1165
1162
1154
1161
1155
1157
1184
1155
1153
1157
1155
1157
1154
1149
1155
1191
1151
1150
1146
1148
1152
1149
1147
1154
1194
1159
1166
1150
1146
1150
1154
1159
1159
1161
1204
1161
1160
1155
1158
1158
1153
1155
1189
1151
1149
1158
1157
1154
1153
1151
1154
1146
1187
1142
1146
1149
1150
1154
1160
1162
1207
1163
1159
1187
1150
1156
1159
1161
1160
1163
1164
1198
1154
1157
1156
1152
1152
1150
1146
1153
1159
1188
1151
1155
1151
1151
1147
1148
1145
1181
1149
1154
1150
1156
1156
1168
1167
1162
1146
1151
1180
1153
1159
1161
1163
1164
1157
1158
1157
1184
1156
1153
1154
1153
1151
1158
1153
1154
1154
1180
1147
1147
1144
1149
1146
1149
1149
1185
1157
1163
1164
1165
1159
1149
1156
1158
1162
1189
1164
1156
1158
1156
1155
1156
1155
1174
1150
1148
1151
1145
1146
1155
1155
1154
1153
1168
1144
1146
1148
1147
1149
1161
1158
1185
1163
1160
1166
1159
1156
1155
1164
1165
1165
1157
1172
1156
1151
1155
1151
1153
1146
1154
1149
1163
1140
1147
1150
1151
1152
1149
1147
1146
1150
1161
1150
1155
1159
1162
1165
1159
1160
1164
1156
1151
1164
1160
1163
1157
1155
1161
1158
1145
1155
1154
1147
1148
1143
1149
1148
1133
1150
1158
1147
1150
1147
1146
1149
1151
1154
1128
1167
1161
1159
1163
1157
1156
1156
1116
1155
1154
1125
1163
1160
1159
1159
1158
1153
1149
1116
1148
1154
1149
1144
1148
1151
1150
1152
1152
1122
1151
1149
1148
1148
1154
1144
1155
1153
1135
1165
1164
1159
1156
1160
1156
1156
1155
1169
1140
1164
1160
1157
1157
1156
1153
1154
1154
1134
1150
1149
1143
1146
1150
1155
1152
1149
1148
1137
1143
1151
1148
1151
1152
1152
1161
1149
1160
1162
1161
1159
1159
1155
1165
1162
1160
1164
1162
1159
1158
1156
1158
1169
1154
1152
1145
1149
1149
1144
1147
1156
1173
1154
1148
1144
1146
1143
1147
1149
1147
1175
1161
1158
1156
1161
1163
1157
1157
1151
1154
1155
1176
1159
1166
1160
1156
1155
1159
1156
1179
1148
1148
1147
1148
1148
1152
1155
1149
1153
1178
1149
1150
1145
1141
1148
1151
1147
1179
1159
1162
1163
1162
1149
1147
1152
1156
1158
1155
1194
1161
1158
1154
1154
1158
1148
1150
1149
1195
1149
1147
1156
1154
1149
1151
1149
1152
1181
1141
1142
1146
1149
1152
1157
1157
1161
1198
1159
1152
1151
1160
1162
1169
1161
1160
1158
1197
1151
1155
1152
1151
1148
1149
1142
1187
1146
1145
1149
1152
1147
1151
1149
1147
1150
1185
1157
1165
1161
1163
1158
1154
1160
1185
1150
1155
1190
1160
1153
1155
1155
1155
1152
1151
1171
1146
1144
1146
1146
1142
1146
1150
1154
1145
1167
1150
1145
1153
1162
1157
1167
1161
1174
1155
1154
1150
1150
1148
1153
1147
1148
1158
1155
1167
1147
1147
1147
1150
1144
1146
1149
1148
1170
1157
1156
1166
1162
1156
1152
1157
1162
1163
1170
1153
1152
1156
1150
1152
1150
1146
1157
1144
1143
1147
1147
1154
1144
1145
1151
1146
1151
1153
1163
1158
1158
1156
1158
1158
1146
1153
1151
1154
1149
1146
1151
1154
1150
1147
1121
1147
1147
1145
1153
1151
1157
1160
1142
1159
1157
1158
1155
1153
1159
1155
1160
1155
1154
1113
1152
1151
1146
1153
1144
1146
1148
1152
1123
1163
1165
1154
1157
1162
1164
1158
1157
1153
1110
1156
1151
1152
1149
1146
1147
1147
1108
1152
1149
1148
1151
1157
1161
1159
1164
1159
1116
1157
1157
1160
1150
1154
1146
1148
1107
1146
1144
1146
1143
1145
1150
1148
1158
1162
1126
1159
1152
1150
1155
1155
1149
1151
1113
1150
1146
1125
1148
1147
1147
1152
1149
1152
1152
1131
1163
1160
1160
1162
1158
1153
1160
1151
1152
1128
1152
1151
1143
1145
1145
1145
1146
1145
1128
1155
1163
1160
1158
1157
1158
1153
1157
1158
1138
1155
1153
1153
1149
1151
1145
1148
1146
1128
1147
1156
1164
1165
1159
1156
1155
1164
1162
1142
1151
1156
1153
1154
1151
1153
1147
1132
1142
1147
1145
1150
1152
1145
1146
1149
1155
1148
1162
1165
1158
1156
1155
1158
1153
1151
1151
1152
1146
1147
1147
1149
1171
1146
1142
1144
1147
1152
1150
1156
1159
1179
1159
1156
1153
1154
1159
1154
1148
1155
1154
1153
1196
1149
1151
1147
1147
1150
1147
1141
1178
1146
1150
1152
1155
1163
1148
1150
1151
1157
1198
1163
1165
1150
1153
1155
1155
1151
1181
1147
1148
1142
1145
1139
1153
1151
1149
1149
1148
1176
1141
1142
1149
1151
1147
1158
1155
1163
1190
1165
1153
1153
1153
1156
1155
1159
1156
1175
1154
1155
1154
1151
1147
1149
1151
1144
1163
1144
1141
1152
1145
1154
1151
1145
1148
1144
1144
1149
1152
1157
1157
1158
1164
1157
1150
1155
1154
1152
1148
1160
1164
1161
1157
1158
1126
1151
1157
1153
1154
1152
1149
1149
1100
1148
1145
1123
1154
1149
1156
1155
1150
1146
1148
1114
1147
1144
1150
1153
1151
1158
1161
1161
1150
1125
1141
1148
1149
1153
1156
1160
1165
1144
1154
1155
1157
1157
1156
1150
1148
1148
1163
1161
1151
1151
1152
1155
1152
1152
1147
1152
1148
1137
1146
1149
1145
1148
1147
1150
1162
1150
1147
1142
1149
1146
1144
1147
1161
1152
1150
1149
1157
1157
1165
1158
1156
1147
1167
1140
1145
1148
1155
1157
1162
1160
1183
1158
1156
1155
1154
1156
1151
1151
1148
1159
1185
1155
1158
1153
1154
1158
1158
1146
1145
1175
1146
1148
1145
1144
1141
1147
1152
1157
1150
1153
1192
1149
1146
1146
1142
1142
1143
1144
1186
1148
1147
1151
1156
1157
1150
1149
1150
1142
1179
1145
1148
1149
1150
1154
1156
1154
1196
1165
1155
1152
1149
1151
1145
1144
1149
1152
1149
1184
1163
1158
1159
1157
1159
1159
1151
1188
1153
1149
1147
1150
1156
1160
1162
1163
1152
1185
1156
1157
1155
1150
1150
1144
1146
1148
1173
1145
1144
1155
1152
1156
1152
1149
1153
1151
1168
1149
1146
1146
1141
1140
1144
1146
1162
1150
1151
1153
1146
1149
1149
1148
1144
1141
1156
1150
1141
1143
1151
1148
1151
1159
1159
1158
1156
1125
1145
1146
1144
1146
1149
1150
1152
1132
1161
1159
1160
1160
1152
1151
1154
1128
1146
1125
1149
1151
1156
1157
1162
1157
1160
1128
1155
1154
1156
1153
1150
1153
1149
1145
1166
1127
1156
1156
1155
1157
1152
1157
1154
1150
1106
1152
1151
1146
1143
1149
1140
1152
1148
1120
1151
1144
1146
1144
1144
1149
1143
1146
1109
1147
1153
1154
1154
1157
1155
1162
1150
1143
1148
1115
1144
1146
1142
1146
1150
1154
1158
1126
1155
1158
1153
1156
1154
1147
1149
1150
1151
1128
1157
1157
1160
1162
1160
1156
1160
1124
1147
1151
1150
1150
1146
1158
1156
1160
1161
1156
1120
1152
1153
1150
1155
1151
1148
1147
1148
1109
1143
1141
1157
1156
1156
1153
1150
1152
1122
1148
1147
1147
1145
1145
1143
1147
1143
1123
1152
1156
1150
1148
1147
1149
1149
1142
1143
1126
1148
1149
1153
1154
1156
1161
1161
1145
1152
1152
1142
1148
1144
1147
1147
1154
1157
1155
1160
1162
1153
1154
1155
1156
1154
1150
1148
1148
1150
1146
1157
1158
1162
1184
1151
1153
1154
1156
1148
1150
1147
1150
1179
1147
1141
1154
1154
1152
1152
1154
1151
1151
1188
1145
1145
1149
1146
1147
1143
1142
1184
1146
1152
1187
1151
1149
1146
1147
1150
1148
1145
1175
1141
1147
1155
1148
1157
1158
1161
1193
1146
1165
1144
1141
1142
1143
1147
1144
1150
1177
1158
1160
1162
1156
1159
1146
1154
1149
1146
1177
1146
1155
1160
1160
1158
1153
1153
1178
1153
1149
1155
1151
1148
1149
1139
1143
1157
1180
1150
1153
1153
1155
1152
1150
1150
1151
1167
1140
1141
1144
1144
1143
1144
1145
1153
1148
1151
1173
1146
1144
1148
1143
1142
1143
1141
1168
1152
1153
1156
1162
1160
1146
1147
1145
1144
1159
1145
1145
1154
1157
1158
1160
1159
1172
1154
1155
1153
1146
1152
1151
1150
1158
1161
1159
1173
1156
1151
1157
1154
1152
1151
1151
1163
1144
1148
1145
1157
1157
1151
1153
1154
1149
1156
1149
1143
1149
1144
1140
1146
1146
1152
1158
1151
1158
1143
1149
1141
1143
1142
1145
1145
1145
1146
1158
1160
1159
1157
1155
1155
1147
1153
1154
1150
1158
1163
1154
1154
1156
1156
1136
1152
1150
1151
1154
1148
1144
1146
1119
1147
1147
1121
1151
1149
1147
1152
1146
1149
1148
1106
1147
1148
1144
1149
1148
1154
1155
1115
1146
1111
1141
1139
1146
1151
1155
1156
1161
1118
1160
1158
1155
1158
1154
1152
1152
1149
1155
1119
1155
1160
1153
1159
1149
1147
1150
1151
1116
1142
1149
1142
1144
1146
1147
1145
1147
1112
1146
1144
1149
1141
1146
1143
1146
1146
1122
1156
1159
1160
1159
1152
1149
1153
1146
1149
1155
1131
1160
1158
1161
1152
1152
1151
1155
1125
1152
1145
1143
1147
1145
1152
1154
1154
1150
1126
1147
1145
1145
1145
1145
1142
1139
1118
1145
1148
1153
1153
1158
1145
1150
1149
1147
1142
1121
1154
1152
1152
1160
1161
1164
1156
1154
1130
1153
1153
1149
1151
1155
1161
1159
1154
1124
1154
1154
1154
1151
1148
1147
1145
1145
1115
1143
1144
1155
1154
1148
1149
1148
1145
1142
1125
1140
1141
1145
1150
1156
1155
1160
1141
1157
1148
1148
1147
1152
1153
1159
1158
1164
1138
1154
1155
1150
1150
1148
1149
1144
1130
1150
1149
1139
1150
1149
1153
1147
1148
1144
1146
1129
1143
1148
1145
1149
1147
1147
1151
1157
1146
1131
1143
1141
1150
1150
1151
1154
1163
1153
1158
1155
1153
1153
1158
1151
1147
1151
1157
1157
1148
1155
1152
1154
1147
1152
1152
1151
1145
1140
1138
1143
1142
1145
1160
1147
1159
1140
1144
1140
1145
1143
1145
1147
1177
1160
1162
1159
1155
1150
1155
1151
1151
1162
1199
1163
1152
1153
1155
1154
1155
1150
1184
1145
1146
1144
1141
1138
1143
1148
1150
1146
1181
1144
1148
1145
1148
1146
1142
1151
1151
1194
1158
1155
1157
1155
1153
1150
1151
1159
1163
1162
1189
1154
1148
1154
1151
1151
1149
1146
1171
1144
1143
1141
1142
1143
1145
1142
1149
1139
1168
1141
1144
1149
1149
1148
1154
1159
1181
1158
1149
1153
1152
1151
1151
1161
1156
1161
1159
1174
1154
1156
1151
1151
1147
1147
1142
1157
1141
1142
1140
1148
1150
1146
1147
1138
1141
1157
1146
1142
1149
1156
1157
1160
1164
1159
1169
1157
1150
1150
1158
1155
1160
1158
1153
1151
1169
1151
1150
1148
1147
1147
1143
1137
1152
1148
1146
1149
1148
1144
1146
1141
1140
1146
1159
1148
1152
1155
1160
1159
1160
1153
1165
1154
1152
1156
1155
1157
1160
1156
1156
1149
1150
1158
1149
1149
1151
1143
1146
1138
1146
1148
1146
1149
1147
1143
1145
1143
1141
1148
1143
1145
1150
1151
1152
1153
1161
1160
1153
1155
1145
1146
1156
1154
1158
1157
1157
1156
1149
1153
1139
1151
1147
1148
1144
1144
1148
1143
1148
1128
1152
1147
1149
1142
1142
1142
1141
1149
1130
1155
1154
1161
1161
1154
1151
1151
1147
1150
1148
1146
1157
1154
1155
1152
1156
1146
1152
1135
1152
1147
1148
1146
1142
1154
1151
1149
1151
1137
1147
1145
1143
1144
1146
1142
1145
1130
1152
1158
1153
1159
1154
1143
1148
1144
1147
1148
1126
1155
1163
1157
1155
1154
1153
1154
1150
1126
1151
1144
1156
1152
1157
1155
1154
1157
1107
1145
1150
1141
1146
1138
1138
1141
1147
1116
1153
1156
1146
1141
1145
1141
1143
1148
1152
1122
1162
1160
1161
1157
1152
1154
1149
1122
1152
1149
1157
1162
1154
1157
1158
1152
1154
1134
1149
1143
1139
1143
1140
1146
1140
1135
1146
1152
1148
1152
1145
1145
1145
1164
1140
1146
1151
1149
1152
1160
1159
1159
1174
1153
1149
1147
1152
1155
1156
1159
1155
1147
1198
1150
1153
1152
1149
1147
1145
1144
1181
1140
1143
1191
1156
1153
1149
1146
1146
1145
1143
1177
1141
1139
1148
1151
1146
1155
1157
1197
1144
1176
1146
1150
1143
1145
1153
1159
1158
1186
1155
1154
1149
1152
1152
1151
1152
1147
1156
1175
1154
1155
1153
1152
1152
1149
1147
1164
1145
1143
1146
1147
1142
1146
1151
1150
1144
1161
1144
1147
1145
1142
1143
1147
1153
1151
1167
1162
1157
1153
1154
1151
1152
1149
1146
1148
1155
1152
1158
1159
1155
1156
1152
1153
1153
1126
1145
1146
1145
1142
1146
1147
1153
1158
1154
1105
1150
1147
1145
1149
1142
1143
1142
1104
1144
1148
1152
1159
1158
1150
1144
1143
1147
1146
1110
1145
1149
1152
1157
1156
1161
1158
1121
1156
1155
1154
1146
1150
1153
1159
1162
1155
1119
1151
1150
1154
1151
1148
1147
1142
1143
1115
1146
1145
1152
1152
1149
1144
1146
1143
1145
1120
1142
1142
1143
1153
1153
1154
1158
1135
1160
1159
1141
1142
1149
1149
1145
1156
1157
1136
1157
1153
1154
1149
1151
1149
1149
1128
1145
1144
1142
1156
1156
1149
1147
1146
1143
1149
1136
1144
1138
1140
1143
1142
1148
1151
1146
1148
1136
1143
1142
1144
1152
1151
1154
1158
1159
1161
1154
1154
1156
1151
1156
1150
1148
1159
1149
1151
1153
1153
1152
1145
1172
1149
1144
1140
1146
1141
1141
1142
1176
1141
1152
1144
1144
1144
1141
1143
1149
1146
1193
1161
1158
1158
1151
1157
1152
1154
1193
1150
1146
1194
1155
1150
1153
1145
1150
1146
1147
1184
1141
1140
1142
1141
1140
1142
1146
1147
1147
1177
1142
1140
1139
1144
1147
1143
1157
1155
1189
1159
1161
1152
1154
1151
1152
1148
1158
1161
1178
1151
1150
1150
1149
1151
1146
1150
1145
1163
1144
1143
1139
1149
1147
1143
1146
1144
1140
1156
1141
1142
1147
1151
1153
1153
1159
1170
1151
1158
1153
1155
1148
1159
1156
1156
1155
1125
1155
1149
1149
1148
1146
1143
1144
1119
1142
1139
1141
1144
1153
1146
1144
1146
1144
1103
1146
1148
1156
1154
1160
1156
1159
1152
1118
1155
1150
1150
1145
1158
1162
1158
1154
1156
1125
1151
1151
1145
1151
1143
1144
1143
1142
1122
1145
1150
1142
1143
1142
1143
1144
1150
1150
1137
1156
1157
1158
1149
1150
1151
1151
1139
1144
1150
1146
1156
1155
1149
1148
1146
1152
1146
1136
1144
1140
1143
1141
1145
1146
1145
1151
1140
1142
1142
1140
1144
1147
1176
1156
1157
1160
1157
1153
1149
1151
1151
1178
1141
1143
1154
1150
1151
1147
1150
1146
1143
1182
1140
1141
1142
1141
1139
1142
1144
1186
1157
1156
1139
1138
1144
1146
1149
1155
1158
1182
1152
1150
1151
1150
1144
1148
1148
1173
1142
1138
1162
1154
1146
1148
1147
1146
1148
1150
1154
1141
1142
1142
1146
1152
1154
1162
1156
1141
1148
1152
1153
1156
1154
1157
1158
1155
1152
1153
1147
1144
1151
1146
1146
1138
1142
1148
1150
1123
1148
1146
1142
1144
1143
1142
1138
1145
1118
1146
1150
1154
1155
1155
1143
1145
1148
1157
1124
1156
1153
1155
1151
1154
1150
1150
1110
1149
1146
1142
1143
1143
1147
1141
1143
1142
1100
1142
1141
1137
1140
1146
1147
1154
1119
1154
1159
1155
1153
1146
1158
1156
1155
1152
1111
1152
1146
1146
1147
1147
1143
1146
1109
1142
1138
1143
1144
1146
1142
1144
1141
1140
1138
1114
1148
1150
1156
1155
1161
1154
1156
1151
1120
1149
1151
1152
1151
1153
1146
1152
1151
1141
1124
1142
1146
1142
1143
1143
1144
1144
1123
1154
1162
1138
1145
1144
1147
1146
1149
1157
1142
1155
1149
1148
1150
1150
1147
1145
1127
1142
1143
1151
1149
1147
1145
1148
1139
1143
1133
1140
1144
1149
1148
1154
1156
1156
1146
1151
1149
1141
1157
1158
1154
1156
1157
1162
1151
1146
1146
1149
1148
1142
1147
1154
1142
1144
1150
1147
1148
1141
1145
1138
1145
1167
1151
1144
1149
1155
1157
1158
1153
1177
1149
1152
1194
1156
1156
1158
1150
1147
1149
1150
1196
1149
1148
1147
1139
1141
1140
1141
1184
1142
1180
1137
1138
1146
1139
1144
1146
1150
1193
1156
1153
1151
1148
1148
1151
1150
1148
1150
1185
1146
1148
1146
1150
1146
1146
1143
1138
1179
1140
1142
1145
1143
1151
1157
1159
1145
1170
1148
1149
1156
1155
1155
1155
1149
1151
1179
1145
1152
1146
1144
1143
1138
1139
1150
1151
1144
1166
1145
1144
1140
1143
1144
1142
1143
1159
1152
1152
1159
1159
1154
1145
1150
1153
1158
1162
1155
1152
1151
1153
1152
1149
1148
1146
1143
1138
1145
1139
1136
1145
1144
1145
1145
1142
1118
1143
1142
1141
1145
1148
1154
1161
1155
1126
1149
1151
1159
1157
1159
1150
1151
1153
1114
1146
1149
1144
1147
1141
1141
1145
1145
1106
1145
1152
1143
1145
1147
1151
1157
1158
1158
1119
1149
1152
1151
1148
1142
1148
1145
1104
1143
1146
1143
1143
1140
1143
1142
1147
1150
1124
1154
1158
1155
1156
1154
1152
1151
1123
1147
1145
1133
1146
1152
1148
1147
1143
1141
1141
1131
1142
1143
1150
1155
1157
1158
1155
1153
1155
1146
1152
1153
1145
1147
1147
1149
1141
1138
1144
1141
1145
1151
1156
1160
1157
1159
1180
1163
1155
1153
1156
1146
1153
1140
1169
1146
1144
1137
1138
1137
1145
1146
1171
1147
1179
1153
1154
1159
1155
1151
1147
1150
1184
1148
1145
1145
1145
1138
1143
1147
1147
1145
1186
1149
1153
1156
1156
1150
1150
1149
1191
1148
1144
1148
1141
1135
1140
1140
1144
1148
1183
1147
1154
1161
1151
1154
1150
1153
1149
1184
1148
1145
1141
1144
1144
1138
1140
1135
1148
1147
1178
1152
1157
1157
1153
1152
1150
1150
1176
1154
1144
1138
1140
1139
1137
1140
1139
1142
1171
1149
1152
1159
1151
1152
1153
1148
1164
1148
1149
1141
1143
1143
1142
1143
1142
1141
1142
1160
1149
1148
1154
1159
1151
1153
1149
1164
1147
1144
1143
1143
1141
1139
1142
1140
1145
1155
1150
1149
1156
1161
1156
1155
1151
1157
1151
1146
1144
1144
1144
1148
1145
1143
1140
1144
1135
1150
1152
1158
1151
1155
1150
1150
1124
1148
1147
1150
1143
1145
1148
1140
1141
1141
1100
1144
1147
1157
1155
1156
1154
1155
1109
1153
1145
1112
1150
1150
1146
1142
1141
1145
1135
1104
1143
1147
1152
1150
1159
1156
1155
1118
1156
1125
1155
1150
1148
1151
1142
1145
1141
1116
1140
1139
1147
1148
1149
1154
1159
1158
1157
1145
1154
1154
1148
1152
1148
1145
1145
1144
1130
1143
1145
1139
1143
1146
1150
1155
1148
1149
1154
1157
1152
1155
1157
1161
1148
1145
1142
1140
1148
1140
1143
1155
1148
1145
1157
1146
1148
1147
1155
1155
1156
1150
1179
1148
1152
1141
1143
1145
1145
1140
1139
1141
1164
1141
1140
1146
1149
1154
1159
1154
1154
1174
1153
1150
1146
1145
1146
1144
1144
1147
1143
1177
1140
1138
1140
1148
1146
1149
1152
1159
1199
1155
1150
1151
1149
1148
1156
1149
1148
1138
1176
1140
1137
1138
1146
1149
1146
1149
1192
1154
1154
1150
1154
1147
1146
1148
1149
1145
1174
1144
1142
1140
1139
1139
1141
1147
1167
1150
1157
1156
1155
1152
1152
1148
1150
1152
1162
1145
1147
1138
1140
1142
1141
1143
1149
1166
1150
1158
1156
1149
1150
1155
1159
1152
1146
1160
1150
1146
1146
1141
1143
1143
1143
1136
1149
1143
1151
1146
1147
1150
1155
1158
1158
1153
1155
1146
1144
1146
1140
1144
1144
1146
1140
1141
1140
1136
1139
1141
1145
1142
1152
1159
1158
1148
1151
1152
1151
1151
1147
1139
1143
1130
1146
1136
1144
1134
1144
1142
1146
1147
1148
1151
1151
1153
1154
1151
1150
1146
1144
1141
1155
1132
1141
1142
1144
1140
1142
1145
1147
1130
1156
1160
1155
1153
1152
1151
1151
1147
1150
1139
1150
1145
1144
1141
1140
1139
1142
1145
1128
1155
1155
1157
1155
1147
1150
1150
1151
1150
1150
1119
1151
1145
1148
1141
1145
1140
1142
1114
1144
1146
1152
1156
1156
1150
1152
1156
1155
1122
1152
1151
1144
1144
1141
1141
1141
1111
1140
1137
1145
1143
1146
1140
1141
1136
1149
1151
1131
1154
1153
1152
1153
1152
1149
1148
1127
1151
1139
1141
1145
1145
1139
1142
1143
1148
1118
1147
1147
1154
1160
1155
1153
1151
1146
1112
1150
1147
1153
1148
1149
1147
1149
1142
1140
1097
1141
1139
1141
1148
1152
1160
1158
1113
1151
1148
1156
1152
1152
1152
1149
1151
1149
1102
1146
1143
1142
1142
1141
1140
1141
1110
1146
1154
1112
1151
1147
1148
1157
1155
1160
1150
1123
1156
1151
1154
1151
1149
1143
1142
1113
1149
1125
1142
1140
1139
1142
1138
1141
1146
1133
1150
1154
1155
1155
1153
1148
1151
1150
1155
1148
1150
1152
1148
1146
1146
1142
1143
1147
1137
1140
1145
1144
1144
1153
1155
1156
1147
1145
1149
1148
1157
1158
1153
1173
1151
1150
1149
1150
1147
1144
1146
1177
1140
1140
1187
1147
1143
1141
1141
1137
1139
1139
1179
1143
1145
1151
1154
1155
1153
1152
1153
1157
1190
1156
1155
1151
1153
1149
1150
1149
1142
1174
1141
1142
1141
1141
1141
1146
1145
1137
1143
1175
1139
1144
1145
1148
1146
1153
1156
1157
1180
1151
1154
1152
1147
1147
1154
1148
1148
1149
1173
1147
1144
1147
1144
1142
1143
1137
1161
1145
1141
1150
1154
1154
1140
1141
1143
1147
1172
1156
1151
1152
1150
1152
1151
1150
1162
1148
1145
1143
1144
1141
1146
1148
1143
1139
1146
1140
1139
1143
1141
1141
1145
1151
1152
1165
1154
1151
1152
1153
1153
1154
1159
1157
1151
1142
1148
1151
1147
1141
1143
1140
1142
1142
1137
1135
1141
1141
1140
1141
1139
1143
1146
1144
1134
1157
1154
1159
1151
1151
1153
1148
1129
1148
1141
1127
1145
1150
1150
1148
1145
1141
1141
1116
1142
1142
1139
1141
1146
1149
1151
1122
1140
1099
1148
1147
1152
1158
1157
1154
1148
1110
1154
1151
1147
1147
1147
1146
1140
1140
1154
1102
1147
1139
1141
1144
1144
1137
1151
1115
1153
1155
1151
1148
1153
1152
1149
1150
1160
1124
1151
1142
1149
1150
1144
1147
1143
1148
1116
1137
1140
1143
1141
1146
1149
1154
1143
1139
1142
1128
1146
1148
1151
1156
1151
1156
1157
1135
1145
1152
1154
1145
1142
1152
1146
1156
1151
1139
1146
1145
1142
1135
1140
1139
1146
1132
1143
1145
1148
1157
1156
1139
1139
1145
1146
1151
1140
1157
1154
1154
1148
1150
1153
1150
1140
1149
1143
1144
1146
1145
1148
1146
1148
1148
1137
1142
1140
1142
1140
1141
1151
1154
1154
1153
1153
1152
1148
1143
1150
1149
1179
1155
1151
1150
1151
1153
1151
1147
1168
1138
1146
1140
1144
1141
1143
1148
1146
1148
1174
1144
1141
1137
1142
1139
1148
1148
1188
1152
1157
1156
1154
1150
1148
1146
1150
1151
1153
1195
1153
1150
1149
1148
1151
1144
1147
1148
1186
1138
1142
1145
1145
1146
1143
1146
1146
1141
1187
1139
1142
1145
1142
1147
1146
1154
1193
1156
1154
1140
1140
1150
1148
1154
1152
1150
1190
1153
1148
1147
1152
1147
1144
1147
1184
1140
1138
1150
1148
1146
1149
1149
1144
1139
1172
1143
1139
1142
1141
1144
1146
1147
1185
1154
1159
1166
1142
1137
1141
1140
1149
1149
1149
1174
1152
1154
1154
1145
1148
1147
1149
1143
1154
1177
1159
1154
1155
1147
1152
1149
1146
1148
1165
1147
1140
1135
1140
1142
1141
1137
1150
1148
1155
1146
1143
1144
1142
1139
1141
1139
1142
1143
1143
1147
1155
1162
1153
1138
1141
1139
1139
1122
1143
1145
1150
1153
1161
1156
1149
1119
1151
1151
1148
1147
1145
1157
1154
1152
1154
1112
1151
1150
1146
1142
1145
1148
1146
1109
1142
1137
1140
1136
1145
1151
1149
1146
1143
1107
1147
1143
1141
1137
1141
1139
1145
1143
1109
1153
1155
1152
1155
1142
1143
1142
1140
1137
1106
1146
1145
1151
1159
1158
1153
1153
1146
1113
1153
1151
1145
1147
1149
1154
1159
1152
1154
1120
1149
1148
1146
1148
1145
1148
1146
1110
1141
1141
1126
1150
1153
1143
1152
1148
1148
1148
1117
1147
1146
1141
1138
1141
1141
1144
1117
1151
1132
1146
1146
1146
1135
1147
1142
1140
1124
1146
1143
1141
1144
1150
1155
1157
1156
1144
1135
1142
1142
1140
1138
1143
1150
1144
1146
1148
1155
1156
1155
1150
1161
1148
1148
1141
1143
1147
1146
1150
1153
1160
1182
1158
1153
1147
1147
1148
1152
1146
1179
1145
1141
1189
1153
1156
1156
1152
1147
1151
1150
1188
1143
1146
1147
1143
1142
1145
1142
1138
1159
1186
1146
1151
1151
1144
1147
1146
1145
1176
1141
1142
1137
1139
1139
1145
1145
1143
1143
1146
1172
1146
1142
1144
1146
1140
1140
1140
1139
1163
1145
1145
1152
1151
1157
1141
1141
1141
1141
1163
1140
1140
1140
1144
1149
1157
1159
1180
1151
1152
1148
1150
1149
1141
1148
1143
1148
1163
1151
1153
1155
1151
1148
1150
1155
1162
1143
1147
1145
1144
1140
1158
1152
1152
1151
1139
1150
1148
1154
1147
1146
1144
1145
1132
1136
1133
1135
1143
1141
1146
1149
1145
1149
1144
1115
1144
1142
1139
1141
1141
1137
1144
1149
1109
1153
1153
1145
1142
1145
1137
1137
1140
1139
1105
1148
1150
1153
1152
1157
1158
1150
1114
1152
1153
1142
1143
1150
1154
1158
1152
1158
1125
1153
1148
1154
1147
1148
1147
1144
1117
1142
1143
1154
1151
1149
1149
1151
1144
1149
1119
1141
1149
1140
1140
1138
1143
1140
1118
1142
1146
1133
1144
1145
1148
1151
1150
1141
1136
1121
1141
1140
1145
1143
1149
1150
1153
1153
1143
1133
1133
1139
1141
1138
1140
1146
1146
1151
1146
1153
1157
1153
1152
1150
1151
1148
1157
1143
1144
1152
1146
1151
1155
1160
1176
1147
1149
1148
1147
1151
1148
1145
1170
1148
1192
1157
1154
1151
1152
1151
1145
1144
1184
1148
1145
1143
1142
1138
1140
1138
1136
1147
1171
1144
1142
1150
1146
1146
1143
1140
1140
1155
1132
1136
1143
1148
1143
1155
1154
1145
1147
1143
1143
1139
1139
1137
1144
1145
1148
1148
1153
1154
1158
1155
1149
1148
1149
1138
1140
1140
1103
1141
1149
1147
1158
1156
1154
1151
1107
1145
1150
1147
1144
1144
1154
1152
1159
1155
1122
1156
1151
1146
1151
1148
1150
1147
1120
1147
1145
1142
1139
1144
1152
1150
1147
1150
1149
1128
1148
1142
1143
1137
1142
1140
1141
1140
1123
1144
1142
1147
1147
1144
1143
1141
1147
1136
1143
1136
1141
1142
1147
1165
1150
1153
1154
1151
1149
1137
1142
1138
1141
1187
1145
1148
1150
1151
1158
1156
1150
1183
1150
1149
1149
1143
1142
1148
1155
1154
1154
1180
1149
1152
1148
1149
1141
1146
1147
1143
1166
1142
1138
1142
1139
1149
1148
1152
1145
1144
1160
1144
1143
1142
1142
1135
1139
1138
1137
1156
1143
1149
1145
1146
1148
1140
1143
1139
1141
1118
1142
1145
1148
1150
1148
1153
1152
1127
1149
1150
1113
1143
1139
1144
1147
1149
1160
1151
1128
1152
1150
1147
1149
1146
1142
1148
1117
1162
1115
1150
1154
1146
1151
1149
1143
1141
1112
1142
1143
1137
1142
1141
1136
1140
1141
1148
1115
1148
1146
1143
1138
1139
1140
1136
1120
1148
1143
1150
1155
1156
1151
1146
1155
1140
1128
1142
1145
1143
1148
1155
1153
1153
1151
1136
1153
1146
1146
1143
1148
1147
1142
1164
1148
1157
1147
1149
1150
1148
1149
1163
1144
1142
1136
1138
1137
1144
1138
1137
1146
1174
1142
1144
1142
1140
1141
1141
1138
1176
1138
1149
1148
1151
1152
1157
1153
1156
1139
1137
1177
1144
1143
1146
1155
1157
1154
1150
1150
1189
1142
1149
1143
1146
1143
1160
1157
1156
1148
1177
1150
1148
1144
1152
1144
1144
1141
1162
1142
1136
1140
1145
1148
1145
1142
1143
1141
1156
1139
1137
1137
1140
1148
1142
1151
1168
1157
1152
1150
1147
1149
1143
1149
1150
1155
1160
1147
1149
1149
1149
1149
1145
1145
1152
1139
1136
1142
1139
1130
1151
1148
1141
1147
1146
1133
1143
1137
1132
1139
1136
1144
1143
1152
1131
1156
1155
1142
1141
1141
1142
1148
1143
1155
1116
1156
1152
1143
1147
1154
1152
1147
1107
1145
1142
1151
1148
1153
1146
1147
1152
1144
1107
1141
1140
1140
1140
1137
1144
1152
1112
1156
1155
1140
1137
1137
1146
1150
1153
1152
1123
1150
1149
1152
1151
1148
1147
1147
1118
1142
1139
1134
1152
1148
1147
1145
1140
1144
1140
1124
1138
1135
1140
1144
1146
1151
1155
1157
1140
1133
1146
1146
1148
1151
1156
1169
1154
1147
1145
1151
1148
1145
1144
1159
1138
1141
1171
1147
1149
1143
1143
1146
1134
1141
1156
1138
1143
1144
1146
1150
1158
1155
1181
1148
1191
1150
1160
1155
1149
1146
1150
1144
1191
1148
1143
1146
1137
1143
1143
1141
1138
1141
1179
1139
1138
1138
1139
1146
1147
1155
1154
1189
1153
1147
1146
1151
1146
1149
1145
1145
1176
1146
1149
1145
1141
1142
1137
1143
1143
1163
1140
1143
1150
1150
1158
1156
1151
1148
1140
1149
1179
1158
1151
1148
1151
1150
1150
1146
1164
1146
1137
1136
1141
1137
1143
1143
1138
1144
1158
1144
1145
1147
1151
1152
1156
1153
1165
1153
1148
1148
1146
1145
1151
1147
1149
1145
1145
1143
1139
1141
1139
1144
1140
1141
1143
1145
1154
1155
1152
1147
1153
1161
1155
1151
1148
1129
1149
1149
1145
1142
1141
1143
1145
1140
1119
1140
1144
1138
1136
1142
1141
1151
1157
1155
1115
1152
1148
1145
1147
1149
1144
1145
1101
1141
1139
1148
1142
1141
1140
1141
1139
1144
1108
1145
1148
1150
1157
1158
1153
1149
1119
1148
1150
1127
1151
1149
1146
1146
1144
1144
1142
1118
1138
1142
1139
1141
1147
1152
1152
1152
1148
1133
1152
1157
1157
1155
1152
1147
1150
1133
1147
1143
1142
1146
1135
1136
1139
1145
1139
1137
1131
1144
1141
1147
1151
1155
1155
1153
1148
1139
1145
1144
1151
1146
1139
1147
1153
1145
1141
1138
1136
1137
1139
1143
1165
1151
1153
1155
1154
1151
1149
1149
1144
1149
1180
1147
1146
1146
1143
1143
1142
1142
1176
1142
1145
1139
1150
1155
1153
1154
1148
1152
1193
1153
1148
1143
1143
1142
1145
1144
1140
1182
1140
1139
1138
1146
1149
1149
1155
1140
1145
1144
1184
1155
1156
1153
1148
1148
1150
1145
1181
1139
1142
1143
1141
1141
1142
1142
1141
1142
1156
1140
1137
1145
1146
1153
1156
1155
1168
1150
1145
1148
1145
1144
1146
1147
1149
1146
1145
1153
1144
1141
1138
1140
1137
1141
1144
1157
1152
1154
1156
1145
1148
1157
1155
1155
1148
1123
1147
1147
1143
1147
1146
1145
1145
1134
1112
1140
1138
1136
1140
1141
1139
1141
1146
1152
1128
1151
1152
1149
1151
1145
1147
1147
1119
1145
1141
1145
1146
1147
1141
1140
1139
1141
1111
1145
1143
1148
1157
1156
1156
1152
1117
1150
1148
1112
1158
1151
1147
1149
1149
1147
1143
1105
1145
1143
1141
1134
1142
1141
1144
1104
1141
1104
1138
1144
1146
1149
1147
1157
1153
1114
1153
1145
1148
1147
1149
1144
1143
1145
1144
1112
1142
1148
1139
1136
1139
1140
1137
1143
1112
1150
1149
1152
1157
1154
1147
1146
1149
1127
1155
1149
1147
1145
1150
1148
1143
1141
1116
1145
1139
1140
1134
1139
1140
1140
1140
1139
1141
1113
1142
1148
1155
1154
1158
1156
1152
1124
1146
1150
1143
1144
1146
1152
1150
1147
1147
1116
1140
1139
1142
1142
1142
1144
1146
1121
1151
1156
1153
1152
1147
1148
1150
1161
1155
1156
1123
1146
1150
1150
1147
1145
1146
1142
1145
1110
1137
1144
1144
1140
1142
1139
1141
1140
1114
1149
1152
1148
1156
1155
1155
1149
1148
1117
1146
1145
1154
1152
1145
1146
1144
1146
1144
1119
1135
1140
1139
1137
1139
1147
1151
1129
1156
1157
1143
1144
1147
1149
1153
1155
1144
1129
1149
1150
1146
1146
1143
1142
1142
1120
1137
1136
1137
1144
1144
1139
1139
1139
1139
1141
1136
1147
1153
1152
1152
1152
1146
1149
1149
1155
1155
1148
1149
1146
1147
1147
1166
1142
1138
1141
1141
1142
1139
1140
1165
1149
1151
1173
1140
1136
1134
1144
1146
1155
1155
1201
1155
1148
1149
1145
1151
1147
1147
1181
1145
1180
1148
1145
1145
1146
1141
1143
1141
1169
1144
1142
1149
1149
1155
1155
1155
1149
1150
1170
1154
1150
1149
1152
1147
1146
1145
1164
1140
1140
1136
1137
1139
1137
1144
1150
1138
1157
1139
1147
1153
1153
1156
1149
1148
1146
1163
1145
1140
1145
1144
1141
1138
1140
1144
1137
1139
1150
1136
1138
1142
1147
1147
1158
1156
1168
1153
1145
1142
1148
1147
1153
1148
1145
1143
1132
1140
1136
1137
1138
1140
1148
1151
1137
1152
1158
1151
1149
1149
1159
1154
1149
1147
1147
1125
1145
1140
1144
1144
1143
1135
1136
1110
1148
1145
1150
1147
1156
1155
1157
1145
1149
1108
1146
1142
1144
1143
1141
1136
1141
1138
1102
1145
1147
1142
1144
1151
1152
1154
1153
1145
1117
1151
1150
1144
1144
1144
1136
1140
1095
1139
1144
1139
1142
1147
1149
1154
1153
1156
1116
1149
1151
1144
1146
1143
1143
1140
1105
1141
1146
1110
1139
1140
1144
1146
1150
1155
1153
1127
1147
1144
1153
1148
1147
1140
1142
1115
1142
1117
1136
1141
1144
1145
1155
1152
1156
1138
1144
1149
1147
1150
1145
1145
1142
1141
1141
1129
1145
1139
1141
1147
1152
1155
1154
1149
1139
1147
1145
1149
1145
1140
1139
1141
1139
1139
1136
1138
1138
1143
1148
1169
1154
1153
1143
1152
1150
1142
1143
1166
1139
1141
1172
1143
1140
1134
1133
1138
1144
1147
1187
1155
1155
1154
1148
1144
1150
1142
1143
1141
1183
1137
1138
1144
1143
1144
1145
1144
1151
1195
1155
1153
1148
1150
1151
1145
1140
1145
1142
1182
1138
1138
1138
1134
1140
1148
1150
1152
1185
1156
1154
1149
1148
1147
1146
1150
1146
1143
1170
1144
1138
1141
1139
1140
1139
1143
1184
1149
1155
1148
1153
1150
1149
1151
1151
1146
1164
1141
1143
1142
1136
1140
1143
1142
1169
1146
1153
1154
1152
1147
1152
1150
1146
1149
1161
1150
1143
1144
1139
1143
1139
1138
1143
1154
1151
1153
1154
1153
1146
1152
1151
1157
1149
1126
1149
1147
1145
1140
1139
1137
1134
1139
1118
1143
1145
1139
1145
1146
1152
1155
1154
1155
1107
1148
1144
1147
1140
1145
1141
1134
1095
1141
1141
1101
1135
1141
1143
1146
1153
1153
1157
1114
1149
1147
1147
1144
1143
1143
1139
1101
1144
1110
1139
1144
1140
1148
1147
1150
1153
1127
1151
1145
1152
1147
1149
1146
1142
1142
1141
1121
1137
1136
1137
1142
1143
1145
1147
1139
1155
1151
1147
1150
1148
1145
1146
1141
1142
1131
1138
1142
1140
1140
1144
1149
1150
1154
1141
1153
1149
1144
1151
1148
1147
1144
1146
1151
1143
1130
1139
1135
1141
1144
1145
1149
1152
1141
1157
1150
1145
1148
1147
1147
1142
1147
1139
1130
1143
1146
1142
1143
1144
1148
1157
1145
1151
1153
1148
1151
1153
1149
1151
1143
1142
1146
1130
1140
1130
1137
1141
1139
1144
1152
1150
1152
1155
1144
1148
1145
1150
1147
1142
1146
1136
1142
1139
1145
1141
1145
1158
1149
1157
1147
1147
1151
1148
1153
1149
1149
1173
1142
1141
1140
1138
1137
1141
1138
1169
1152
1149
1156
1148
1154
1149
1144
1148
1147
1183
1142
1140
1142
1137
1140
1136
1143
1184
1149
1151
1155
1152
1146
1154
1152
1152
1146
1145
1185
1145
1143
1138
1141
1136
1144
1143
1144
1184
1150
1153
1152
1153
1153
1149
1147
1148
1144
1175
1141
1144
1139
1139
1138
1140
1144
1171
1148
1152
1155
1158
1152
1148
1148
1149
1148
1159
1146
1141
1142
1141
1140
1142
1138
1160
1154
1157
1148
1148
1154
1150
1154
1147
1152
1141
1143
1141
1138
1136
1142
1136
1138
1151
1151
1148
1120
1147
1148
1157
1151
1147
1148
1148
1124
1139
1138
1141
1140
1138
1140
1140
1141
1146
1095
1148
1153
1154
1153
1152
1147
1150
1148
1107
1139
1141
1142
1139
1140
1146
1141
1139
1141
1107
1154
1158
1156
1149
1150
1152
1148
1142
1110
1140
1140
1142
1138
1145
1140
1143
1149
1151
1127
1156
1154
1152
1149
1147
1143
1145
1121
1138
1142
1139
1139
1142
1141
1146
1152
1153
1136
1149
1148
1146
1149
1144
1147
1140
1123
1138
1138
1139
1141
1144
1157
1156
1153
1150
1134
1143
1145
1143
1136
1140
1141
1142
1140
1134
1143
1151
1152
1156
1153
1151
1148
1160
1148
1146
1144
1140
1142
1137
1138
1161
1147
1146
1151
1151
1149
1150
1140
1139
1142
1152
1137
1136
1138
1142
1144
1149
1150
1174
1149
1146
1146
1146
1148
1140
1143
1142
1141
1135
1162
1142
1143
1149
1152
1147
1151
1146
1145
1174
1142
1148
1141
1133
1134
1141
1142
1148
1191
1158
1158
1149
1145
1149
1146
1140
1142
1182
1138
1139
1139
1143
1144
1154
1162
1150
1146
1190
1143
1142
1145
1142
1141
1140
1140
1174
1142
1146
1156
1152
1150
1149
1151
1145
1142
1177
1144
1142
1138
1136
1137
1141
1149
1183
1156
1151
1181
1147
1147
1145
1145
1144
1137
1134
1169
1134
1144
1144
1149
1154
1152
1150
1151
1148
1172
1144
1140
1140
1136
1134
1136
1136
1168
1150
1153
1150
1156
1149
1150
1148
1143
1142
1141
1160
1134
1134
1139
1137
1141
1148
1152
1159
1175
1151
1148
1151
1144
1144
1141
1143
1140
1137
1157
1142
1145
1146
1154
1151
1153
1149
1162
1147
1143
1141
1139
1138
1136
1136
1139
1142
1150
1153
1156
1154
1146
1145
1149
1147
1154
1146
1144
1135
1140
1138
1139
1140
1144
1148
1118
1154
1145
1146
1150
1147
1142
1142
1119
1137
1139
1140
1141
1144
1139
1144
1145
1152
1155
1113
1149
1147
1152
1150
1145
1141
1142
1140
1101
1134
1138
1144
1142
1150
1152
1154
1149
1145
1116
1147
1144
1142
1142
1140
1140
1136
1105
1136
1144
1147
1150
1153
1151
1149
1152
1147
1127
1144
1142
1146
1143
1138
1138
1143
1127
1148
1144
1148
1153
1152
1150
1153
1146
1147
1144
1144
1142
1137
1142
1141
1147
1137
1144
1147
1148
1149
1150
1158
1154
1150
1147
1175
1150
1144
1142
1139
1137
1141
1142
1168
1140
1145
1147
1145
1155
1152
1155
1145
1148
1186
1146
1142
1143
1145
1147
1145
1140
1179
1144
1147
1170
1149
1156
1151
1154
1149
1147
1153
1181
1144
1144
1142
1140
1139
1139
1141
1174
1143
1171
1148
1153
1151
1153
1147
1149
1146
1172
1143
1141
1142
1139
1138
1138
1134
1145
1142
1169
1152
1154
1152
1151
1149
1146
1149
1145
1162
1142
1138
1140
1139
1138
1136
1144
1138
1158
1151
1152
1154
1153
1151
1146
1144
1144
1158
1142
1142
1139
1139
1135
1140
1137
1137
1136
1143
1151
1149
1150
1148
1153
1149
1147
1146
1155
1142
1140
1139
1136
1139
1135
1142
1138
1137
1120
1144
1149
1159
1153
1147
1145
1146
1115
1147
1143
1139
1140
1137
1143
1138
1136
1135
1140
1107
1148
1148
1152
1153
1149
1145
1148
1145
1115
1139
1143
1146
1136
1142
1136
1139
1138
1094
1140
1147
1155
1157
1149
1151
1146
1151
1104
1143
1146
1147
1141
1139
1139
1139
1135
1141
1105
1145
1150
1152
1156
1149
1149
1148
1109
1151
1144
1147
1146
1141
1137
1139
1135
1140
1098
1140
1144
1153
1154
1157
1153
1143
1112
1149
1144
1112
1147
1142
1142
1145
1139
1142
1134
1104
1142
1145
1151
1148
1155
1148
1149
1150
1147
1112
1145
1144
1144
1139
1142
1138
1136
1102
1142
1145
1147
1153
1159
1153
1148
1146
1152
1146
1108
1151
1141
1145
1140
1141
1137
1137
1136
1104
1138
1147
1148
1149
1150
1151
1156
1155
1150
1108
1147
1145
1145
1140
1138
1138
1134
1100
1137
1141
1145
1144
1154
1146
1155
1154
1155
1129
1146
1148
1154
1147
1144
1145
1141
1123
1134
1139
1139
1144
1149
1139
1145
1147
1151
1145
1147
1148
1148
1150
1147
1146
1142
1135
1141
1139
1136
1140
1139
1140
1136
1141
1141
1145
1139
1151
1154
1154
1148
1148
1158
1144
1143
1142
1139
1138
1144
1139
1137
1141
1162
1138
1141
1147
1148
1152
1154
1152
1174
1147
1146
1143
1145
1144
1143
1144
1147
1146
1143
1176
1132
1134
1136
1138
1143
1150
1152
1189
1152
1146
1149
1154
1145
1143
1148
1143
1142
1172
1142
1141
1141
1140
1136
1145
1142
1148
1181
1153
1152
1154
1153
1152
1149
1144
1150
1147
1160
1142
1138
1139
1138
1134
1134
1135
1158
1146
1151
1144
1146
1152
1156
1152
1150
1151
1134
1147
1144
1143
1146
1137
1142
1139
1117
1143
1140
1107
1138
1137
1147
1150
1160
1161
1147
1104
1149
1146
1146
1146
1143
1142
1141
1099
1142
1103
1141
1139
1135
1141
1145
1151
1154
1128
1151
1147
1148
1144
1145
1144
1145
1141
1140
1122
1134
1142
1134
1138
1142
1141
1143
1150
1138
1151
1152
1148
1146
1148
1151
1146
1146
1138
1144
1141
1141
1138
1135
1142
1137
1143
1141
1148
1156
1153
1149
1150
1146
1147
1173
1148
1150
1145
1146
1144
1140
1137
1165
1141
1140
1140
1141
1150
1153
1154
1152
1151
1189
1147
1148
1146
1148
1149
1143
1148
1141
1168
1137
1133
1135
1140
1146
1149
1150
1143
1145
1176
1151
1153
1152
1148
1147
1148
1144
1145
1160
1137
1140
1138
1133
1138
1136
1139
1136
1144
1159
1154
1153
1157
1155
1145
1145
1147
1157
1144
1138
1138
1137
1138
1140
1138
1134
1135
1131
1138
1146
1149
1156
1153
1151
1146
1132
1145
1145
1144
1142
1138
1141
1142
1139
1138
1091
1137
1137
1145
1144
1154
1153
1150
1148
1108
1151
1145
1145
1140
1146
1148
1144
1145
1145
1104
1141
1139
1142
1137
1141
1144
1150
1157
1122
1153
1149
1154
1150
1145
1144
1141
1147
1142
1109
1140
1143
1139
1138
1140
1144
1148
1126
1155
1150
1124
1143
1161
1152
1147
1147
1152
1144
1120
1149
1142
1142
1141
1134
1139
1140
1119
1140
1119
1142
1143
1149
1151
1154
1150
1152
1133
1142
1147
1143
1140
1140
1140
1139
1137
1141
1127
1138
1137
1144
1148
1148
1153
1156
1151
1149
1146
1151
1145
1144
1141
1140
1138
1139
1140
1140
1134
1142
1143
1142
1169
1151
1145
1154
1145
1145
1146
1149
1162
1144
1141
1182
1148
1141
1138
1134
1138
1137
1140
1181
1148
1150
1149
1157
1152
1148
1148
1144
1145
1181
1142
1146
1142
1139
1139
1135
1137
1174
1142
1144
1149
1157
1150
1152
1150
1147
1153
1145
1167
1142
1148
1147
1140
1139
1136
1139
1140
1157
1135
1149
1151
1154
1154
1153
1152
1144
1145
1162
1146
1145
1145
1142
1137
1140
1135
1147
1138
1143
1146
1149
1152
1153
1154
1149
1143
1135
1145
1145
1141
1144
1140
1136
1137
1118
1142
1142
1145
1145
1157
1153
1154
1153
1148
1100
1148
1141
1144
1141
1144
1137
1142
1098
1142
1142
1144
1145
1154
1151
1154
1156
1155
1147
1114
1146
1143
1147
1145
1138
1142
1137
1131
1111
1142
1145
1147
1146
1153
1154
1150
1147
1149
1128
1146
1139
1139
1139
1142
1136
1139
1119
1139
1145
1148
1155
1156
1147
1150
1148
1151
1137
1142
1143
1140
1135
1142
1136
1136
1134
1142
1149
1151
1155
1152
1151
1180
1146
1145
1141
1145
1144
1137
1135
1140
1163
1140
1142
1147
1155
1150
1151
1152
1157
1149
1151
1181
1142
1142
1141
1138
1138
1135
1135
1177
1145
1144
1150
1154
1152
1149
1151
1149
1144
1167
1139
1140
1139
1141
1134
1135
1140
1165
1147
1151
1164
1157
1148
1146
1146
1150
1146
1144
1156
1139
1138
1136
1137
1141
1141
1146
1166
1153
1149
1151
1149
1146
1149
1144
1141
1138
1128
1136
1135
1136
1140
1146
1147
1150
1154
1156
1126
1144
1146
1150
1144
1145
1141
1139
1132
1108
1137
1135
1141
1145
1150
1153
1149
1149
1107
1150
1145
1140
1144
1143
1146
1140
1136
1099
1141
1140
1143
1151
1150
1152
1151
1147
1148
1146
1111
1144
1144
1143
1138
1142
1134
1138
1103
1141
1145
1146
1148
1156
1151
1149
1149
1150
1110
1147
1144
1139
1138
1135
1139
1139
1108
1146
1149
1153
1151
1149
1151
1149
1150
1144
1144
1128
1138
1140
1143
1139
1136
1140
1137
1143
1124
1153
1153
1152
1151
1152
1153
1143
1145
1140
1143
1142
1138
1138
1138
1136
1140
1145
1140
1152
1155
1157
1154
1152
1148
1172
1141
1150
1144
1141
1138
1143
1133
1174
1141
1146
1149
1152
1151
1153
1156
1150
1145
1188
1145
1143
1141
1141
1141
1137
1133
1141
1174
1144
1148
1154
1150
1149
1153
1150
1147
1146
1167
1144
1142
1144
1141
1139
1140
1136
1141
1171
1146
1146
1149
1160
1155
1156
1152
1145
1147
1159
1143
1140
1143
1139
1134
1137
1140
1157
1141
1146
1155
1145
1155
1155
1151
1152
1148
1150
1139
1144
1142
1139
1139
1137
1139
1143
1118
1139
1111
1149
1149
1155
1152
1149
1146
1145
1109
1146
1145
1138
1142
1140
1137
1133
1140
1134
1104
1142
1143
1145
1149
1153
1155
1149
1119
1145
1148
1142
1144
1140
1140
1145
1134
1140
1121
1137
1142
1134
1141
1146
1150
1153
1156
1135
1143
1151
1148
1146
1147
1141
1142
1152
1138
1142
1141
1137
1141
1139
1136
1150
1141
1143
1151
1153
1151
1145
1149
1147
1146
1184
1149
1153
1145
1145
1140
1138
1139
1181
1141
1142
1146
1150
1149
1155
1146
1151
1157
1156
1189
1146
1145
1144
1144
1144
1143
1143
1139
1177
1135
1139
1136
1140
1146
1142
1147
1145
1151
1182
1151
1151
1147
1142
1147
1139
1142
1171
1140
1135
1137
1133
1140
1139
1138
1139
1142
1174
1151
1154
1153
1146
1146
1149
1143
1169
1141
1143
1142
1139
1135
1137
1139
1135
1140
1158
1143
1148
1149
1152
1155
1148
1145
1168
1145
1143
1136
1141
1138
1143
1140
1139
1136
1135
1147
1142
1147
1146
1155
1150
1151
1146
1143
1154
1143
1147
1146
1144
1138
1140
1139
1138
1141
1132
1145
1151
1153
1157
1150
1147
1147
1135
1144
1144
1143
1140
1139
1138
1139
1139
1139
1127
1152
1156
1154
1146
1147
1146
1141
1116
1138
1137
1141
1141
1136
1138
1146
1145
1148
1114
1152
1148
1147
1150
1143
1145
1140
1108
1140
1137
1106
1139
1139
1147
1147
1154
1153
1154
1119
1146
1146
1144
1145
1146
1143
1131
1136
1145
1126
1149
1155
1153
1149
1152
1152
1147
1141
1125
1136
1140
1139
1137
1140
1143
1148
1153
1151
1140
1146
1144
1147
1143
1140
1142
1139
1133
1129
1142
1139
1145
1153
1155
1148
1150
1144
1146
1139
1139
1134
1136
1141
1142
1142
1149
1150
1159
1148
1146
1152
1147
1138
1171
1139
1138
1132
1138
1144
1146
1151
1155
1180
1146
1145
1144
1146
1143
1143
1139
1136
1184
1137
1140
1152
1153
1153
1154
1141
1144
1187
1142
1146
1139
1134
1134
1141
1144
1150
1150
1151
1182
1148
1142
1146
1144
1147
1140
1136
1170
1134
1136
1140
1145
1146
1154
1151
1148
1148
1164
1138
1141
1138
1140
1139
1134
1138
1156
1146
1150
1155
1151
1151
1148
1144
1145
1142
1143
1150
1135
1134
1135
1139
1143
1152
1153
1150
1157
1147
1145
1145
1145
1140
1138
1136
1138
1118
1140
1142
1144
1154
1152
1153
1148
1149
1120
1149
1142
1139
1136
1140
1139
1137
1142
1149
1113
1159
1155
1150
1145
1147
1145
1141
1106
1142
1134
1137
1140
1143
1147
1148
1152
1153
1120
1152
1144
1151
1142
1139
1140
1138
1103
1134
1139
1123
1146
1153
1154
1151
1149
1145
1145
1116
1143
1141
1140
1143
1138
1140
1141
1143
1147
1138
1152
1150
1146
1148
1145
1143
1140
1125
1139
1132
1140
1141
1144
1148
1151
1153
1162
1150
1147
1149
1149
1143
1145
1142
1150
1138
1136
1133
1136
1144
1150
1147
1167
1147
1181
1142
1147
1149
1139
1141
1140
1134
1176
1133
1144
1145
1151
1152
1148
1146
1146
1146
1177
1139
1140
1142
1138
1140
1138
1144
1181
1148
1153
1152
1152
1147
1148
1146
1143
1142
1158
1136
1136
1138
1139
1145
1151
1151
1150
1170
1146
1143
1148
1145
1147
1148
1142
1141
1137
1138
1134
1138
1141
1148
1151
1155
1150
1152
1133
1148
1141
1141
1141
1134
1133
1139
1137
1138
1121
1153
1153
1151
1152
1146
1150
1144
1120
1141
1137
1139
1139
1137
1136
1140
1140
1147
1154
1114
1154
1150
1151
1149
1143
1143
1145
1092
1135
1136
1138
1141
1145
1145
1149
1154
1152
1111
1147
1150
1148
1147
1144
1141
1145
1138
1097
1135
1143
1143
1148
1151
1158
1150
1149
1151
1121
1146
1143
1141
1138
1138
1139
1142
1109
1141
1145
1146
1150
1156
1154
1152
1150
1142
1124
1142
1141
1138
1136
1137
1139
1135
1118
1142
1151
1132
1151
1150
1156
1151
1147
1151
1153
1137
1144
1150
1143
1139
1132
1139
1137
1148
1140
1136
1149
1157
1149
1151
1148
1153
1149
1137
1145
1141
1140
1143
1136
1147
1139
1140
1138
1141
1144
1151
1152
1149
1149
1162
1147
1146
1143
1140
1140
1136
1135
1155
1140
1139
1143
1145
1151
1152
1156
1143
1146
1169
1142
1141
1143
1140
1138
1140
1135
1155
1137
1144
1170
1142
1149
1151
1154
1157
1148
1149
1191
1144
1147
1143
1142
1138
1137
1140
1135
1137
1173
1140
1142
1149
1150
1157
1155
1148
1143
1188
1143
1141
1140
1145
1137
1136
1133
1141
1136
1169
1139
1140
1144
1144
1150
1152
1152
1147
1174
1147
1146
1141
1140
1139
1146
1143
1136
1137
1162
1138
1137
1145
1143
1151
1151
1154
1168
1147
1140
1147
1143
1144
1145
1144
1142
1133
1154
1135
1139
1138
1140
1149
1144
1153
1168
1152
1144
1146
1145
1146
1146
1144
1146
1143
1135
1145
1140
1133
1138
1140
1142
1148
1148
1148
1153
1148
1145
1147
1154
1152
1148
1144
1147
1110
1144
1140
1138
1136
1139
1134
1141
1138
1112
1147
1152
1148
1150
1153
1152
1148
1148
1148
1105
1144
1142
1141
1143
1138
1138
1142
1097
1143
1138
1110
1133
1145
1142
1149
1155
1156
1150
1125
1145
1146
1147
1146
1139
1140
1140
1116
1138
1126
1135
1134
1135
1140
1138
1147
1149
1143
1154
1152
1147
1146
1145
1143
1143
1142
1142
1144
1142
1141
1135
1136
1137
1165
1146
1144
1149
1150
1153
1145
1145
1176
1145
1145
1149
1142
1144
1144
1141
1140
1141
1178
1141
1139
1139
1147
1148
1154
1149
1189
1146
1148
1180
1143
1149
1142
1141
1144
1138
1141
1175
1141
1138
1144
1143
1145
1154
1150
1154
1148
1180
1149
1148
1145
1143
1146
1139
1138
1165
1137
1139
1133
1139
1143
1140
1143
1148
1143
1153
1173
1153
1153
1148
1148
1145
1145
1145
1138
1157
1135
1138
1138
1137
1141
1141
1143
1144
1147
1157
1151
1153
1145
1144
1144
1144
1139
1142
1140
1142
1136
1140
1142
1136
1137
1144
1138
1125
1153
1152
1154
1149
1148
1143
1146
1116
1141
1137
1136
1139
1138
1140
1144
1146
1143
1115
1151
1157
1151
1147
1144
1146
1143
1119
1139
1141
1137
1135
1139
1139
1138
1135
1137
1143
1107
1145
1153
1152
1153
1151
1143
1145
1140
1106
1143
1140
1144
1142
1143
1136
1138
1140
1137
1109
1149
1154
1154
1154
1145
1146
1145
1113
1142
1143
1145
1141
1139
1140
1142
1138
1131
1113
1141
1149
1148
1149
1148
1148
1149
1109
1146
1145
1143
1148
1148
1142
1138
1141
1139
1111
1132
1142
1141
1146
1153
1155
1156
1127
1150
1149
1132
1146
1144
1144
1148
1145
1142
1139
1129
1140
1139
1141
1136
1141
1149
1152
1159
1145
1141
1149
1154
1150
1146
1146
1151
1146
1142
1141
1144
1140
1135
1137
1147
1143
1141
1162
1135
1143
1138
1146
1149
1152
1152
1176
1141
1147
1142
1140
1142
1138
1141
1157
1142
1184
1137
1139
1137
1136
1138
1146
1146
1194
1149
1150
1150
1140
1150
1143
1144
1143
1148
1178
1145
1139
1139
1137
1136
1140
1137
1143
1178
1149
1151
1155
1150
1147
1149
1147
1151
1174
1145
1144
1141
1142
1142
1138
1133
1132
1163
1134
1138
1144
1144
1148
1151
1149
1144
1153
1150
1167
1152
1147
1149
1147
1141
1139
1142
1151
1137
1136
1135
1139
1138
1136
1138
1145
1145
1130
1146
1148
1152
1150
1145
1147
1149
1121
1143
1140
1141
1139
1141
1144
1138
1144
1137
1137
1097
1134
1138
1145
1145
1151
1151
1153
1145
1106
1147
1142
1151
1150
1146
1148
1144
1142
1113
1134
1142
1141
1134
1138
1140
1146
1152
1127
1155
1148
1155
1152
1147
1147
1148
1147
1143
1127
1140
1142
1141
1137
1136
1142
1144
1128
1142
1150
1148
1146
1158
1151
1152
1146
1148
1138
1145
1147
1140
1144
1137
1139
1138
1132
1139
1145
1135
1137
1140
1143
1146
1157
1152
1153
1148
1146
1144
1146
1142
1142
1155
1148
1144
1143
1137
1134
1136
1136
1142
1141
1169
1148
1153
1155
1151
1147
1144
1150
1170
1142
1136
1190
1143
1145
1141
1135
1135
1138
1141
1180
1140
1149
1149
1145
1150
1149
1144
1188
1146
1188
1150
1142
1140
1144
1141
1141
1136
1176
1138
1138
1147
1150
1156
1153
1149
1145
1150
1186
1147
1150
1145
1140
1135
1138
1138
1171
1134
1142
1143
1145
1154
1152
1151
1149
1146
1181
1145
1142
1142
1146
1140
1140
1141
1135
1166
1138
1138
1143
1148
1152
1157
1151
1158
1151
1148
1174
1146
1152
1142
1141
1139
1141
1140
1158
1142
1139
1145
1149
1155
1149
1155
1155
1151
1162
1147
1147
1151
1135
1137
1137
1139
1156
1137
1134
1138
1144
1148
1143
1149
1147
1154
1155
1161
1151
1148
1145
1143
1144
1143
1139
1149
1134
1134
1140
1138
1141
1151
1143
1153
1150
1153
1142
1147
1149
1146
1140
1143
1146
1137
1140
1137
1137
1132
1138
1144
1145
1150
1152
1149
1148
1150
1145
1139
1143
1139
1144
1136
1132
1133
1136
1139
1142
1145
1146
1150
1156
1155
1133
1148
1143
1142
1146
1143
1138
1139
1130
1137
1138
1108
1132
1135
1141
1148
1146
1152
1157
1115
1148
1155
1141
1144
1145
1139
1136
1095
1134
1102
1140
1138
1139
1143
1141
1147
1156
1126
1154
1152
1147
1144
1144
1142
1148
1144
1143
1120
1135
1134
1136
1138
1140
1147
1150
1151
1138
1146
1146
1146
1144
1146
1142
1144
1142
1137
1135
1136
1136
1136
1141
1146
1145
1153
1151
1149
1150
1149
1147
1150
1143
1142
1169
1140
1135
1138
1137
1141
1140
1145
1178
1151
1151
1152
1151
1148
1140
1144
1144
1139
1170
1138
1142
1132
1137
1142
1147
1152
1151
1191
1149
1144
1144
1145
1138
1144
1144
1144
1142
1166
1134
1136
1139
1142
1148
1147
1151
1149
1165
1147
1145
1144
1141
1142
1139
1139
1139
1134
1160
1142
1147
1153
1151
1147
1148
1149
1156
1140
1139
1140
1141
1136
1136
1139
1141
1144
1144
1151
1148
1145
1143
1145
1145
1144
1125
1137
1134
1132
1140
1143
1144
1152
1150
1154
1106
1146
1148
1149
1146
1142
1144
1134
1139
1089
1138
1140
1141
1151
1149
1149
1159
1151
1150
1112
1146
1147
1147
1144
1141
1142
1137
1136
1110
1139
1150
1149
1154
1147
1147
1145
1146
1144
1115
1145
1140
1140
1136
1142
1142
1143
1115
1151
1152
1131
1151
1151
1144
1148
1147
1148
1141
1120
1141
1146
1136
1139
1141
1145
1147
1131
1153
1141
1151
1146
1146
1146
1139
1143
1138
1129
1139
1138
1140
1139
1143
1149
1150
1154
1152
1145
1151
1149
1148
1146
1147
1140
1137
1134
1137
1132
1132
1143
1145
1154
1152
1155
1151
1150
1150
1149
1147
1146
1143
1165
1144
1140
1139
1135
1139
1141
1139
1172
1144
1150
1184
1150
1152
1149
1148
1141
1148
1144
1193
1138
1136
1141
1140
1137
1140
1138
1140
1140
1180
1147
1147
1147
1155
1153
1144
1147
1182
1144
1141
1144
1140
1141
1139
1136
1138
1136
1138
1169
1137
1142
1148
1148
1152
1153
1152
1147
1172
1150
1143
1141
1140
1139
1143
1140
1132
1139
1155
1134
1141
1144
1145
1151
1155
1155
1166
1150
1148
1146
1145
1140
1147
1143
1142
1143
1116
1134
1136
1136
1135
1140
1143
1148
1127
1152
1154
1146
1141
1143
1150
1144
1143
1141
1109
1142
1138
1146
1139
1141
1133
1137
1109
1143
1151
1153
1153
1147
1144
1149
1154
1149
1148
1131
1143
1145
1143
1147
1140
1137
1135
1138
1122
1140
1144
1134
1140
1139
1145
1154
1152
1155
1149
1152
1148
1149
1142
1152
1143
1144
1134
1137
1138
1140
1138
1138
1136
1131
1167
1142
1149
1149
1153
1152
1151
1147
1174
1148
1141
1144
1147
1148
1145
1144
1137
1139
1177
1138
1136
1139
1142
1146
1150
1153
1151
1184
1147
1146
1148
1147
1147
1145
1141
1145
1141
1168
1141
1139
1134
1136
1137
1141
1147
1171
1149
1154
1141
1154
1151
1150
1150
1146
1147
1158
1145
1142
1142
1143
1137
1139
1135
1137
1142
1143
1118
1137
1134
1143
1142
1144
1149
1152
1121
1150
1149
1143
1151
1140
1147
1141
1098
1152
1102
1145
1139
1135
1137
1138
1141
1140
1110
1146
1150
1155
1152
1151
1147
1146
1150
1153
1133
1143
1149
1144
1144
1143
1142
1139
1133
1125
1136
1142
1144
1144
1140
1156
1157
1139
1143
1140
1154
1155
1152
1146
1177
1142
1144
1145
1141
1144
1139
1141
1167
1137
1136
1182
1139
1140
1137
1134
1135
1138
1142
1180
1144
1151
1151
1149
1147
1149
1147
1147
1150
1176
1144
1148
1146
1144
1143
1143
1137
1139
1163
1136
1138
1145
1145
1146
1150
1152
1136
1134
1151
1142
1145
1149
1153
1149
1151
1149
1148
1151
1140
1141
1143
1142
1142
1144
1145
1147
1143
1104
1138
1139
1137
1138
1136
1141
1145
1101
1153
1152
1152
1148
1144
1146
1152
1154
1147
1115
1146
1146
1146
1146
1142
1146
1139
1113
1136
1135
1137
1137
1142
1139
1140
1139
1139
1124
1138
1144
1146
1151
1157
1151
1147
1152
1133
1148
1145
1142
1141
1151
1153
1147
1156
1147
1139
1144
1140
1140
1138
1136
1165
1139
1136
1142
1147
1149
1137
1139
1136
1143
1184
1147
1153
1156
1148
1151
1148
1147
1195
1147
1145
1141
1140
1139
1145
1147
1149
1142
1144
1174
1140
1136
1135
1141
1140
1139
1141
1142
1174
1150
1149
1136
1140
1139
1139
1146
1148
1162
1153
1150
1147
1145
1149
1143
1146
1140
1146
1138
1141
1147
1148
1143
1138
1144
1143
1137
1116
1141
1139
1143
1140
1143
1145
1149
1128
1158
1151
1138
1138
1143
1143
1144
1147
1151
1119
1151
1149
1144
1143
1144
1141
1138
1104
1142
1138
1121
1149
1145
1148
1143
1141
1138
1141
1118
1136
1137
1142
1138
1145
1145
1150
1152
1140
1129
1136
1144
1144
1144
1147
1151
1153
1144
1143
1144
1147
1145
1146
1148
1144
1141
1173
1148
1149
1148
1147
1143
1143
1134
1156
1136
1138
1135
1133
1134
1141
1139
1187
1140
1170
1138
1139
1140
1139
1139
1151
1147
1195
1151
1146
1150
1142
1147
1145
1144
1138
1152
1176
1147
1147
1143
1147
1148
1144
1142
1161
1138
1141
1140
1138
1139
1142
1143
1144
1142
1142
1139
1138
1139
1139
1140
1141
1143
1152
1144
1151
1146
1149
1152
1144
1150
1142
1145
1153
1155
1109
1148
1143
1145
1144
1147
1142
1145
1104
1139
1139
1133
1138
1136
1147
1145
1138
1145
1117
1139
1134
1139
1140
1138
1140
1142
1133
1149
1150
1152
1152
1149
1134
1134
1175
1141
1143
1146
1149
1155
1148
1151
1145
1187
1148
1148
1144
1143
1140
1155
1153
1145
1148
1173
1149
1140
1144
1141
1139
1142
1137
1159
1137
1137
1139
1141
1146
1144
1141
1135
1130
1149
1138
1140
1138
1146
1148
1153
1157
1164
1146
1148
1140
1149
1144
1147
1146
1157
1151
1128
1142
1145
1140
1144
1145
1142
1142
1115
1138
1138
1134
1143
1140
1141
1139
1141
1140
1144
1098
1137
1140
1134
1142
1137
1140
1147
1150
1121
1156
1149
1137
1139
1140
1145
1149
1156
1156
1119
1151
1146
1149
1149
1147
1145
1142
1116
1140
1140
1151
1145
1147
1146
1142
1144
1137
1130
1137
1137
1139
1135
1139
1137
1142
1139
1151
1154
1134
1136
1140
1139
1167
1143
1148
1150
1153
1148
1148
1144
1145
1176
1150
1142
1143
1137
1156
1151
1149
1144
1146
1144
1179
1145
1137
1143
1136
1146
1138
1138
1170
1139
1144
1140
1133
1139
1136
1135
1139
1136
1161
1144
1149
1154
1151
1154
1145
1146
1163
1144
1145
1154
1153
1147
1153
1148
1147
1146
1146
1147
1141
1142
1141
1142
1142
1136
1133
1132
1141
1118
1137
1139
1134
1139
1137
1143
1138
1124
1148
1147
1152
1153
1147
1143
1148
1147
1146
1115
1156
1147
1143
1150
1143
1142
1145
1145
1103
1144
1141
1136
1137
1134
1139
1138
1143
1107
1139
1139
1135
1139
1131
1140
1144
1149
1114
1158
1153
1152
1148
1147
1148
1146
1142
1150
1156
1121
1150
1151
1145
1149
1152
1145
1141
1118
1142
1143
1138
1136
1138
1140
1143
1142
1142
1126
1138
1133
1134
1139
1136
1143
1147
1142
1147
1152
1150
1147
1144
1137
1136
1168
1151
1152
1149
1153
1147
1149
1143
1141
1167
1142
1147
1141
1136
1142
1144
1152
1144
1145
1173
1139
1143
1140
1135
1136
1137
1133
1169
1141
1142
1151
1145
1152
1138
1134
1143
1136
1156
1147
1155
1156
1153
1150
1150
1147
1157
1145
1147
1146
1142
1144
1144
1149
1148
1148
1118
1143
1143
1142
1136
1140
1141
1137
1137
1092
1140
1142
1142
1149
1137
1141
1139
1140
1139
1113
1138
1139
1146
1148
1155
1155
1152
1147
1119
1147
1155
1142
1144
1152
1152
1150
1153
1150
1136
1148
1142
1143
1143
1143
1139
1142
1122
1139
1134
1148
1148
1148
1142
1138
1144
1135
1140
1136
1138
1139
1138
1140
1146
1148
1150
1144
1138
1132
1136
1143
1140
1145
1161
1147
1155
1142
1152
1144
1146
1148
1150
1160
1147
1142
1157
1152
1148
1145
1147
1149
1145
1171
1142
1141
1137
1134
1138
1139
1135
1163
1139
1142
1143
1143
1133
1133
1137
1136
1133
1178
1141
1146
1151
1153
1154
1154
1147
1188
1145
1144
1183
1149
1145
1147
1151
1157
1148
1142
1181
1147
1142
1141
1138
1143
1138
1136
1140
1144
1174
1148
1143
1144
1145
1137
1142
1136
1160
1138
1129
1137
1137
1141
1136
1150
1144
1142
1140
1139
1137
1137
1138
1141
1140
1145
1143
1149
1138
1151
1150
1152
1149
1140
1143
1147
1149
1144
1113
1155
1146
1148
1144
1145
1144
1145
1106
1146
1141
1134
1134
1137
1147
1141
1148
1141
1111
1139
1138
1136
1135
1137
1140
1142
1119
1146
1153
1151
1151
1142
1137
1140
1147
1144
1136
1156
1149
1145
1150
1145
1148
1146
1128
1146
1142
1136
1135
1140
1147
1148
1139
1167
1139
1135
1141
1135
1137
1134
1136
1164
1147
1148
1148
1152
1152
1136
1145
1148
1150
1198
1154
1149
1153
1144
1150
1142
1144
1174
1139
1139
1139
1138
1136
1140
1141
1142
1140
1135
1170
1135
1132
1140
1139
1144
1147
1156
1183
1151
1148
1140
1147
1155
1147
1146
1152
1148
1167
1144
1141
1142
1139
1133
1143
1139
1138
1165
1143
1147
1141
1139
1143
1146
1151
1151
1151
1163
1149
1145
1151
1144
1145
1146
1136
1148
1142
1137
1141
1137
1137
1137
1135
1143
1144
1133
1145
1153
1149
1154
1147
1148
1146
1132
1141
1142
1124
1147
1145
1147
1143
1141
1138
1136
1104
1135
1138
1136
1143
1150
1154
1154
1121
1152
1112
1153
1147
1151
1143
1146
1143
1143
1105
1140
1136
1138
1135
1132
1140
1142
1147
1142
1114
1144
1150
1155
1151
1147
1149
1143
1145
1112
1143
1138
1142
1139
1137
1136
1139
1135
1119
1138
1144
1145
1146
1154
1154
1148
1150
1130
1147
1143
1142
1142
1137
1136
1140
1155
1146
1141
1134
1135
1135
1138
1137
1165
1146
1153
1153
1151
1153
1148
1150
1143
1148
1184
1142
1139
1140
1142
1140
1139
1133
1131
1171
1141
1146
1145
1153
1153
1148
1150
1148
1153
1183
1150
1146
1146
1140
1142
1141
1138
1139
1174
1135
1136
1137
1142
1146
1138
1142
1152
1151
1180
1151
1151
1144
1145
1149
1143
1134
1169
1135
1134
1134
1136
1137
1134
1138
1135
1138
1158
1151
1150
1152
1154
1151
1147
1147
1163
1145
1141
1146
1136
1134
1142
1135
1138
1135
1132
1136
1139
1143
1143
1149
1154
1145
1146
1136
1142
1140
1146
1139
1148
1147
1145
1139
1141
1109
1138
1135
1137
1142
1144
1150
1152
1159
1113
1149
1145
1150
1147
1145
1148
1142
1142
1144
1111
1140
1137
1138
1137
1139
1146
1150
1122
1154
1151
1132
1145
1153
1150
1151
1143
1147
1145
1130
1141
1146
1142
1138
1137
1138
1137
1129
1139
1137
1140
1145
1146
1155
1168
1147
1146
1144
1145
1145
1142
1139
1139
1163
1136
1135
1132
1135
1138
1137
1143
1149
1153
1185
1148
1146
1147
1148
1145
1145
1141
1173
1141
1141
1137
1133
1135
1139
1142
1143
1147
1172
1151
1153
1149
1148
1148
1139
1143
1159
1138
1140
1150
1141
1141
1134
1139
1135
1135
1142
1144
1143
1150
1153
1151
1146
1148
1144
1145
1145
1127
1140
1143
1138
1135
1141
1134
1140
1115
1147
1150
1152
1149
1142
1142
1146
1146
1146
1145
1104
1143
1141
1138
1135
1134
1136
1141
1143
1106
1150
1148
1151
1158
1145
1142
1151
1143
1143
1124
1138
1137
1137
1136
1138
1139
1143
1126
1151
1154
1152
1146
1142
1150
1145
1145
1145
1128
1140
1138
1138
1133
1139
1136
1146
1137
1152
1152
1145
1146
1144
1147
1156
1141
1139
1136
1139
1138
1141
1134
1137
1157
1140
1152
1153
1152
1146
1146
1144
1149
1146
1141
1172
1139
1138
1134
1138
1137
1135
1137
1181
1143
1149
1152
1147
1149
1151
1148
1148
1140
1178
1140
1146
1139
1136
1137
1136
1138
1177
1147
1154
1157
1151
1143
1147
1148
1145
1145
1145
1166
1142
1138
1133
1135
1134
1136
1139
1164
1146
1154
1150
1153
1148
1153
1149
1149
1143
1152
1140
1135
1138
1139
1139
1137
1140
1141
1154
1154
1152
1154
1150
1145
1151
1149
1143
1140
1127
1140
1139
1133
1140
1135
1144
1142
1115
1152
1154
1144
1154
1153
1152
1146
1147
1145
1114
1140
1139
1139
1136
1137
1138
1139
1116
1143
1147
1126
1149
1150
1150
1151
1148
1147
1146
1138
1150
1142
1141
1136
1138
1134
1138
1125
1133
1135
1137
1147
1150
1151
1153
1177
1152
1147
1145
1144
1140
1140
1136
1157
1136
1140
1140
1136
1136
1136
1144
1139
1148
1193
1149
1155
1147
1148
1147
1141
1139
1171
1142
1138
1137
1138
1140
1135
1138
1142
1138
1182
1146
1151
1148
1154
1146
1144
1144
1174
1142
1137
1173
1144
1138
1137
1140
1137
1135
1138
1168
1138
1145
1149
1155
1152
1148
1147
1145
1144
1168
1143
1145
1142
1137
1140
1138
1138
1135
1151
1137
1139
1143
1150
1153
1148
1153
1149
1151
1146
1149
1142
1146
1146
1141
1144
1137
1142
1123
1136
1134
1137
1139
1137
1141
1137
1142
1146
1114
1149
1150
1150
1149
1147
1142
1141
1098
1136
1141
1136
1131
1132
1139
1135
1133
1137
1105
1146
1151
1149
1152
1152
1150
1145
1111
1146
1143
1142
1142
1134
1143
1142
1140
1136
1118
1133
1135
1135
1142
1146
1150
1150
1154
1139
1150
1152
1150
1143
1149
1142
1143
1142
1142
1135
1142
1139
1139
1139
1134
1141
1140
1143
1138
1150
1144
1141
1145
1144
1155
1168
1153
1149
1146
1147
1144
1143
1140
1160
1141
1136
1131
1136
1135
1137
1137
1136
1132
1141
1164
1144
1145
1149
1151
1149
1146
1149
1144
1175
1146
1142
1147
1149
1143
1142
1145
1143
1179
1136
1137
1137
1132
1135
1141
1142
1140
1184
1153
1155
1143
1144
1148
1152
1152
1145
1154
1181
1146
1143
1142
1141
1140
1140
1139
1172
1131
1135
1143
1137
1136
1140
1136
1135
1132
1164
1145
1145
1150
1148
1154
1150
1148
1172
1148
1144
1166
1153
1156
1154
1152
1146
1143
1146
1166
1143
1144
1141
1134
1136
1135
1137
1134
1141
1154
1140
1134
1137
1134
1136
1139
1138
1161
1145
1147
1149
1151
1141
1142
1146
1146
1142
1147
1161
1151
1149
1146
1144
1142
1147
1141
1141
1154
1144
1137
1135
1138
1137
1146
1142
1144
1139
1149
1139
1136
1137
1130
1134
1139
1141
1152
1146
1150
1154
1152
1153
1135
1133
1143
1140
1134
1147
1155
1150
1151
1142
1145
1147
1126
1144
1145
1141
1144
1140
1148
1149
1144
1145
1104
1147
1140
1141
1142
1135
1139
1136
1101
1132
1136
1141
1141
1149
1140
1143
1142
1135
1137
1099
1136
1139
1142
1144
1145
1153
1152
1152
1123
1148
1146
1134
1140
1143
1146
1146
1148
1151
1124
1152
1146
1150
1141
1142
1146
1139
1118
1137
1136
1144
1143
1149
1146
1146
1147
1146
1124
1136
1136
1141
1136
1139
1136
1142
1125
1145
1148
1138
1144
1137
1135
1134
1139
1137
1132
1136
1146
1148
1145
1155
1156
1153
1137
1141
1146
1135
1137
1139
1144
1148
1147
1169
1150
1145
1149
1151
1148
1145
1146
1163
1142
1137
1150
1151
1156
1153
1148
1149
1149
1174
1141
1143
1140
1136
1143
1140
1136
1165
1136
1137
1179
1146
1144
1151
1149
1146
1143
1140
1179
1140
1137
1137
1137
1136
1136
1136
1170
1151
1164
1144
1147
1144
1141
1143
1140
1142
1151
1140
1137
1135
1135
1135
1142
1142
1150
1144
1152
1141
1139
1139
1136
1138
1135
1139
1138
1143
1137
1137
1146
1145
1148
1152
1150
1146
1145
1142
1142
1142
1137
1132
1134
1139
1136
1138
1144
1141
1152
1153
1155
1155
1151
1139
1141
1144
1111
1136
1139
1142
1133
1137
1137
1136
1116
1144
1142
1146
1145
1147
1142
1143
1145
1140
1104
1143
1141
1135
1133
1134
1133
1139
1098
1143
1138
1144
1147
1148
1144
1149
1145
1147
1142
1103
1138
1140
1142
1141
1140
1137
1140
1135
1096
1138
1139
1155
1149
1152
1148
1149
1142
1109
1145
1145
1147
1142
1143
1142
1141
1137
1103
1140
1136
1141
1140
1146
1150
1147
1153
1151
1120
1147
1143
1148
1149
1147
1144
1140
1116
1143
1145
1138
1142
1139
1140
1138
1139
1146
1118
1146
1149
1154
1154
1152
1155
1148
1123
1142
1144
1122
1141
1142
1144
1140
1133
1137
1137
1120
1133
1140
1134
1141
1142
1141
1141
1147
1148
1139
1145
1143
1144
1145
1148
1140
1142
1129
1136
1141
1138
1139
1137
1133
1133
1137
1148
1143
1145
1151
1154
1156
1151
1150
1150
1144
1144
1144
1143
1142
1143
1142
1148
1136
1167
1137
1133
1138
1139
1139
1138
1140
1172
1148
1149
1153
1152
1147
1149
1141
1141
1140
1186
1139
1137
1136
1136
1137
1136
1136
1173
1138
1137
1141
1143
1144
1151
1150
1149
1145
1175
1149
1146
1145
1141
1143
1139
1138
1143
1168
1137
1131
1136
1137
1133
1137
1135
1150
1156
1155
1172
1152
1146
1146
1143
1149
1149
1142
1158
1144
1146
1138
1138
1138
1131
1141
1141
1140
1159
1143
1150
1153
1155
1149
1151
1150
1149
1145
1145
1144
1144
1147
1140
1138
1139
1135
1135
1141
1136
1142
1144
1145
1144
1146
1148
1147
1149
1151
1149
1142
1143
1145
1142
1145
1139
1139
1139
1135
1134
1138
1139
1138
1136
1141
1137
1146
1143
1147
1144
1143
1148
1147
1145
1144
1131
1138
1138
1140
1134
1137
1138
1137
1128
1139
1138
1153
1157
1152
1153
1146
1146
1148
1119
1148
1145
1140
1144
1143
1139
1137
1114
1138
1140
1103
1136
1139
1144
1144
1146
1148
1146
1123
1153
1147
1148
1151
1144
1150
1143
1115
1136
1104
1140
1138
1137
1141
1138
1139
1141
1119
1148
1147
1155
1153
1152
1151
1142
1144
1142
1105
1141
1140
1141
1139
1138
1137
1137
1135
1094
1136
1138
1142
1144
1144
1150
1150
1148
1107
1145
1144
1143
1141
1145
1136
1134
1140
1106
1141
1136
1134
1141
1139
1140
1132
1153
1151
1152
1117
1145
1142
1144
1151
1141
1144
1147
1121
1143
1141
1143
1138
1140
1143
1139
1145
1150
1133
1153
1153
1154
1147
1148
1140
1146
1131
1143
1145
1144
1140
1141
1138
1138
1140
1137
1134
1134
1137
1144
1146
1147
1152
1170
1152
1152
1145
1147
1145
1139
1139
1139
1135
1161
1137
1131
1132
1134
1141
1141
1142
1169
1146
1151
1154
1157
1150
1147
1142
1143
1147
1161
1138
1136
1137
1137
1138
1136
1138
1165
1139
1140
1148
1142
1153
1149
1144
1143
1142
1181
1142
1140
1139
1138
1138
1141
1137
1137
1175
1135
1139
1144
1135
1149
1146
1145
1144
1146
1176
1145
1137
1139
1138
1139
1137
1137
1135
1169
1137
1132
1153
1154
1146
1142
1149
1145
1142
1166
1140
1138
1143
1138
1142
1134
1137
1161
1137
1131
1166
1152
1148
1149
1144
1139
1146
1150
1156
1136
1141
1142
1139
1138
1137
1134
1148
1154
1152
1152
1148
1150
1146
1144
1144
1148
1142
1140
1141
1135
1138
1138
1134
1134
1137
1142
1121
1148
1144
1141
1146
1135
1136
1136
1113
1135
1138
1135
1139
1134
1141
1141
1144
1144
1097
1142
1144
1134
1134
1139
1135
1140
1140
1102
1146
1151
1148
1154
1149
1149
1146
1138
1135
1137
1104
1142
1145
1149
1152
1148
1152
1148
1111
1148
1144
1144
1142
1145
1154
1149
1147
1142
1112
1141
1144
1142
1140
1138
1133
1137
1102
1136
1141
1142
1145
1152
1139
1138
1135
1134
1142
1121
1147
1151
1150
1150
1149
1144
1144
1117
1150
1142
1140
1152
1144
1146
1141
1144
1138
1117
1132
1139
1136
1140
1144
1146
1152
1149
1134
1152
1150
1153
1148
1143
1145
1145
1140
1140
1131
1139
1139
1134
1135
1132
1138
1142
1132
1151
1158
1145
1149
1151
1150
1146
1150
1144
1134
1145
1143
1136
1140
1130
1139
1136
1136
1146
1149
1134
1148
1151
1148
1151
1162
1141
1146
1136
1140
1141
1140
1135
1140
1149
1136
1135
1138
1142
1149
1151
1152
1152
1140
1164
1144
1143
1142
1140
1138
1140
1136
1168
1135
1136
1142
1145
1148
1149
1150
1149
1145
1180
1146
1141
1141
1137
1141
1139
1134
1178
1137
1138
1141
1143
1145
1148
1152
1146
1145
1181
1146
1137
1141
1142
1138
1137
1130
1171
1139
1144
1170
1142
1141
1148
1152
1145
1154
1147
1171
1140
1137
1144
1143
1136
1137
1132
1136
1138
1152
1137
1144
1146
1149
1151
1151
1149
1144
1162
1144
1140
1141
1137
1137
1136
1134
1135
1134
1145
1138
1138
1142
1151
1149
1150
1147
1144
1157
1150
1147
1139
1142
1136
1139
1141
1134
1139
1131
1134
1139
1143
1143
1150
1149
1151
1136
1145
1148
1146
1145
1137
1146
1145
1143
1142
1107
1140
1134
1138
1140
1137
1142
1145
1121
1151
1149
1144
1146
1148
1148
1142
1146
1148
1107
1147
1136
1134
1139
1137
1142
1132
1142
1104
1147
1150
1151
1148
1142
1143
1151
1149
1150
1115
1148
1148
1145
1139
1139
1139
1141
1135
1103
1140
1141
1133
1139
1139
1137
1139
1146
1146
1131
1153
1148
1145
1143
1147
1145
1138
1118
1141
1141
1125
1144
1137
1137
1137
1138
1133
1138
1124
1144
1146
1145
1154
1151
1148
1144
1131
1148
1143
1146
1148
1145
1143
1145
1139
1140
1124
1137
1137
1140
1141
1143
1149
1149
1157
1141
1141
1147
1153
1152
1143
1147
1172
1145
1142
1140
1141
1137
1139
1137
1158
1136
1140
1137
1135
1135
1138
1145
1141
1146
1187
1151
1148
1146
1141
1145
1141
1148
1178
1139
1140
1175
1148
1139
1141
1137
1135
1133
1138
1167
1135
1140
1146
1148
1155
1157
1144
1146
1151
1174
1148
1146
1143
1140
1141
1139
1135
1162
1133
1135
1136
1138
1134
1144
1148
1148
1134
1140
1161
1151
1153
1151
1149
1148
1148
1140
1146
1158
1141
1136
1135
1133
1134
1140
1132
1139
1136
1128
1138
1144
1139
1149
1150
1149
1153
1132
1145
1144
1143
1146
1139
1147
1141
1141
1138
1104
1137
1139
1135
1140
1141
1138
1139
1101
1154
1148
1147
1147
1148
1151
1150
1141
1145
1111
1143
1140
1136
1140
1135
1135
1135
1113
1138
1143
1144
1153
1159
1135
1144
1149
1150
1153
1126
1148
1148
1147
1141
1143
1141
1139
1135
1121
1131
1137
1140
1136
1138
1131
1149
1137
1148
1143
1154
1150
1152
1146
1168
1143
1142
1140
1138
1139
1143
1144
1142
1141
1138
1178
1134
1140
1136
1138
1139
1148
1153
1193
1153
1148
1144
1151
1148
1141
1146
1147
1143
1177
1141
1136
1138
1135
1135
1134
1138
1140
1181
1146
1154
1142
1144
1149
1149
1152
1150
1149
1169
1145
1138
1145
1140
1133
1134
1135
1164
1136
1140
1136
1136
1136
1143
1147
1150
1153
1172
1151
1146
1144
1138
1142
1139
1141
1155
1132
1136
1156
1142
1138
1134
1136
1137
1139
1142
1159
1150
1154
1147
1149
1144
1145
1142
1163
1148
1156
1142
1139
1143
1140
1137
1137
1138
1144
1136
1137
1143
1145
1149
1146
1144
1141
1152
1148
1144
1148
1146
1142
1141
1144
1139
1141
1138
1135
1136
1135
1142
1151
1149
1151
1148
1143
1149
1149
1149
1145
1146
1145
1145
1140
1137
1138
1130
1133
1131
1140
1140
1145
1134
1136
1143
1117
1147
1152
1151
1149
1142
1148
1144
1121
1140
1139
1137
1140
1138
1137
1136
1138
1137
1098
1137
1145
1148
1152
1151
1146
1147
1104
1145
1147
1138
1138
1136
1143
1137
1137
1138
1134
1099
1136
1144
1143
1147
1154
1147
1147
1147
1110
1141
1139
1146
1139
1141
1138
1133
1136
1106
1140
1138
1144
1143
1149
1154
1150
1146
1117
1145
1143
1143
1143
1140
1138
1140
1140
1134
1120
1137
1138
1143
1141
1149
1152
1146
1124
1147
1147
1147
1148
1144
1140
1140
1141
1130
1123
1137
1135
1138
1143
1142
1146
1154
1131
1143
1150
1144
1145
1148
1140
1144
1146
1142
1138
1131
1137
1136
1131
1135
1139
1148
1146
1154
1144
1148
1152
1149
1147
1145
1143
1175
1144
1139
1140
1138
1136
1133
1134
1157
1139
1142
1174
1138
1141
1141
1150
1155
1150
1147
1190
1144
1145
1144
1141
1144
1141
1135
1173
1142
1164
1137
1137
1137
1140
1142
1143
1151
1175
1150
1149
1145
1142
1145
1137
1138
1141
1146
1157
1138
1136
1138
1137
1139
1134
1140
1157
1147
1146
1150
1150
1146
1143
1145
1144
1147
1138
1144
1138
1142
1136
1132
1139
1143
1130
1127
1140
1148
1147
1149
1149
1147
1146
1151
1149
1150
1118
1145
1144
1146
1139
1141
1139
1139
1097
1138
1134
1135
1143
1141
1142
1141
1144
1147
1123
1155
1147
1141
1145
1145
1148
1143
1105
1140
1140
1133
1133
1137
1138
1133
1143
1134
1135
1123
1144
1149
1148
1151
1150
1144
1148
1124
1144
1138
1143
1143
1143
1142
1141
1137
1139
1131
1133
1136
1138
1142
1148
1143
1153
1153
1137
1143
1145
1153
1148
1143
1139
1173
1135
1138
1141
1132
1137
1137
1134
1171
1140
1142
1143
1147
1150
1142
1150
1152
1150
1178
1143
1140
1148
1137
1144
1143
1141
1164
1136
1135
1137
1136
1144
1134
1137
1136
1138
1143
1158
1149
1158
1148
1148
1147
1143
1149
1140
1159
1137
1136
1146
1146
1138
1138
1136
1138
1135
1143
1139
1147
1142
1149
1147
1148
1143
1145
1144
1143
1150
1145
1148
1145
1140
1143
1142
1096
1139
1140
1135
1134
1136
1141
1140
1109
1153
1150
1142
1145
1147
1152
1151
1148
1144
1124
1147
1144
1143
1139
1140
1135
1136
1115
1136
1140
1134
1138
1138
1133
1137
1140
1142
1149
1149
1149
1147
1147
1141
1143
1153
1139
1139
1145
1144
1143
1141
1141
1135
1137
1173
1137
1135
1140
1139
1150
1149
1154
1191
1144
1147
1182
1153
1152
1146
1146
1151
1139
1142
1170
1136
1135
1134
1133
1133
1139
1139
1174
1134
1157
1146
1145
1151
1149
1150
1146
1146
1165
1147
1139
1138
1142
1135
1135
1134
1136
1137
1141
1134
1135
1141
1138
1144
1151
1149
1150
1137
1150
1148
1145
1142
1140
1142
1142
1142
1100
1144
1137
1135
1133
1136
1133
1140
1143
1109
1149
1154
1146
1145
1145
1142
1145
1155
1145
1144
1129
1145
1140
1137
1139
1137
1135
1139
1124
1136
1138
1142
1149
1148
1143
1157
1149
1151
1152
1144
1147
1149
1142
1145
1167
1141
1137
1137
1138
1136
1137
1133
1139
1136
1170
1130
1137
1146
1143
1147
1151
1149
1150
1181
1143
1143
1147
1137
1138
1146
1145
1138
1138
1166
1137
1140
1132
1136
1134
1140
1138
1167
1152
1149
1149
1146
1140
1151
1151
1148
1145
1159
1142
1143
1142
1140
1140
1138
1137
1145
1140
1136
1141
1146
1151
1143
1141
1144
1146
1145
1150
1144
1143
1150
1144
1149
1144
1143
1122
1138
1135
1134
1138
1137
1137
1137
1136
1134
1108
1144
1150
1153
1151
1151
1145
1145
1145
1113
1144
1138
1144
1141
1146
1142
1140
1136
1135
1098
1137
1143
1141
1145
1146
1151
1150
1111
1142
1148
1121
1149
1150
1147
1150
1144
1143
1144
1117
1141
1139
1132
1140
1135
1140
1141
1122
1136
1117
1142
1141
1144
1151
1151
1152
1146
1126
1145
1142
1143
1142
1138
1140
1137
1138
1136
1133
1136
1135
1137
1138
1140
1164
1151
1148
1153
1144
1144
1144
1145
1164
1140
1143
1143
1141
1140
1137
1139
1137
1131
1176
1135
1139
1145
1144
1147
1152
1151
1184
1146
1149
1179
1151
1152
1143
1146
1149
1147
1142
1160
1141
1136
1134
1140
1132
1144
1138
1146
1134
1147
1145
1137
1155
1152
1149
1151
1147
1157
1143
1138
1144
1138
1138
1134
1140
1135
1139
1141
1128
1140
1137
1139
1138
1142
1148
1151
1151
1133
1146
1147
1144
1146
1140
1152
1146
1148
1141
1100
1140
1138
1139
1133
1134
1138
1139
1105
1151
1152
1153
1147
1146
1154
1148
1150
1148
1113
1144
1148
1140
1141
1143
1141
1136
1103
1134
1134
1141
1147
1147
1142
1142
1145
1150
1123
1149
1143
1146
1145
1147
1146
1140
1116
1134
1139
1130
1134
1135
1140
1134
1141
1141
1141
1118
1146
1148
1153
1149
1147
1144
1145
1144
1122
1143
1139
1141
1139
1144
1137
1135
1134
1127
1122
1132
1135
1142
1147
1157
1152
1149
1139
1139
1147
1152
1148
1147
1145
1146
1171
1139
1145
1142
1139
1136
1131
1137
1183
1137
1147
1148
1132
1138
1144
1150
1154
1150
1175
1145
1143
1143
1146
1138
1137
1135
1138
1159
1136
1136
1135
1134
1138
1133
1137
1141
1143
1155
1151
1148
1145
1148
1141
1144
1137
1147
1139
1136
1144
1141
1139
1139
1139
1134
1135
1119
1139
1144
1151
1149
1155
1147
1145
1116
1147
1138
1110
1143
1145
1146
1144
1144
1139
1143
1104
1136
1138
1138
1139
1142
1146
1147
1113
1141
1116
1152
1152
1151
1146
1142
1147
1138
1111
1139
1138
1134
1138
1135
1136
1137
1138
1132
1119
1136
1144
1143
1147
1151
1149
1147
1140
1130
1146
1144
1139
1142
1134
1141
1139
1138
1133
1132
1133
1137
1133
1142
1151
1144
1148
1148
1147
1149
1151
1149
1155
1141
1140
1166
1143
1146
1145
1143
1140
1139
1138
1157
1133
1139
1139
1143
1146
1152
1145
1148
1148
1187
1150
1147
1141
1143
1145
1139
1142
1137
1179
1134
1135
1136
1137
1135
1140
1144
1139
1137
1173
1143
1152
1152
1152
1144
1146
1146
1142
1171
1141
1144
1137
1136
1135
1141
1136
1136
1136
1157
1132
1136
1136
1138
1146
1151
1148
1159
1141
1143
1140
1139
1135
1148
1141
1141
1141
1151
1140
1137
1136
1135
1128
1139
1140
1143
1149
1146
1149
1150
1145
1149
1152
1150
1144
1116
1144
1140
1141
1141
1141
1136
1137
1136
1104
1138
1141
1144
1140
1137
1135
1140
1141
1143
1113
1148
1149
1150
1147
1145
1146
1143
1148
1103
1133
1142
1142
1141
1142
1138
1138
1135
1135
1113
1140
1145
1148
1149
1147
1150
1147
1121
1147
1142
1134
1144
1148
1143
1145
1146
1143
1132
1124
1139
1134
1137
1135
1136
1139
1145
1143
1139
1136
1146
1152
1149
1152
1156
1140
1145
1144
1139
1139
1144
1137
1136
1155
1132
1140
1134
1135
1134
1133
1134
1142
1143
1183
1151
1142
1144
1142
1143
1142
1142
1185
1140
1143
1142
1140
1142
1139
1137
1134
1129
1165
1137
1143
1145
1144
1147
1147
1150
1171
1142
1143
1174
1142
1141
1141
1146
1143
1144
1140
1158
1137
1132
1137
1131
1135
1143
1140
1144
1134
1145
1140
1148
1153
1148
1149
1144
1141
1139
1141
1141
1139
1140
1138
1138
1138
1138
1140
1142
1103
1134
1140
1144
1144
1145
1156
1149
1152
1115
1148
1146
1150
1146
1143
1146
1142
1145
1144
1113
1140
1139
1138
1140
1142
1142
1146
1130
1153
1145
1147
1151
1144
1147
1146
1144
1144
1132
1140
1141
1137
1133
1133
1136
1143
1132
1148
1153
1155
1151
1149
1152
1168
1145
1147
1139
1140
1143
1136
1136
1130
1149
1133
1134
1137
1144
1149
1155
1154
1151
1153
1150
1180
1147
1148
1149
1144
1146
1141
1137
1172
1140
1130
1133
1138
1142
1140
1143
1147
1150
1188
1152
1148
1149
1147
1145
1140
1139
1170
1139
1137
1138
1136
1146
1134
1132
1141
1141
1150
1172
1154
1148
1148
1144
1143
1145
1140
1161
1142
1140
1136
1142
1136
1134
1140
1143
1141
1165
1147
1152
1148
1147
1142
1141
1146
1144
1150
1137
1136
1140
1135
1135
1135
1144
1147
1146
1133
